11229274596231271917
10013421237679263050
5730603848592903871
12795289611813907612
1308493737088080345
4876453892561243840
8719700314253351387
10029608417838530779
705088322428876065
14593424877863503523
14412671702707420895
10707733172360989442
1735306839913598488
12647062630439105657
13093790703562225672
62896223036637030
13761759893154521756
9845176995969950853
12795812129533124756
10595376047606792611
4757184992985075053
6003704851982780219
4884550620516898541
16697250561100423539
2758761940160369770
17528739001692006528
14139645839265569426
2207311154019345205
14997575738655946244
1317050332510748703
3727972517826782883
11607261480256395099
15839680078478183579
15325466333625183785
8771972211888400389
5767102038230635646
8196201263411446232
4196372583016553603
17884757277554460048
11910817478389170238
6810589924578195398
12358088329717136308
13644474758043567052
1014579331354784959
15573117103321872737
5143799819105163337
15389990711416483847
1794361230652023897
6839103940180357088
8406046672514557108
10487856143681340031
11855433238891018070
3180214697087478844
1662142180851362536
4081866723138193572
527472567233917281
2939259181619894811
1966790571193975237
17421016215031746548
17577061489586432428
5843048454688480378
14216195459577319364
9409633316766264167
12361077215730933698
17036391372477531244
9948104496853980490
16849345580967156662
12696894909393327143
4825850617429464703
10800779673253185999
16368104382843657373
113854505162902698
15409168819717983649
17695828572617523326
4522513755098691827
12650519764313321144
8225682671206029540
17308243523651688007
3750470136002835279
16478633178811838485
17267531863239141941
9459021511537142444
14248737643401034271
7224584246727047174
8351077888070579359
16049644697147688660
1671104208043134075
13215943471175282516
6443858319616265395
12283570385361248983
5634440379168154554
2190116979731486866
4606887471962206989
11143271875434633920
6594753718138008101
183766367056822045
8900221189888098843
6491811283646365671
4306465117221230928
10326426351112784176
824213320888376905
18124442405359870570
5378751074825280058
10869672031519393407
16581273942584590191
8202208203684537350
10773325851950273603
18170100838614669640
9186171550996742288
5804888614331285985
5771437760214943608
184841458073601218
13475713086664304737
1380366802481366295
8684620536339970076
3260830063729094506
11365324975801086150
237843339684336958
1652179425286584114
767717559103578359
6277904996877990228
17908782245419796458
9353492235150075013
6208570332788713439
15805862079606892247
4196161924686591717
14611019923190523886
8890257378312409668
13684377561152098774
2320631797444538175
6013227985829666342
6006781396478183097
1976965173802740635
17597252829941988402
16982428645413233208
11856912026777853538
15705102568890744937
14849399875835223461
101732058709388246
5338085693464061410
2818800414589924856
8603862219833006629
15557688622790388913
4746401451166807909
9738875270094471837
7250615027754087066
2770982749342368181
1536995488531915083
12475889597866559661
16896717921807251212
9465430614772948499
1786026828548648522
5905872205233467068
16654062722651864236
11159327270194561833
16426857719672582196
8998536775432808252
10948412155066873804
9381574005648664944
816910471453278945
14297977697904885117
16030083234076125416
9725172671661816751
5228439616345464312
11416061169455673601
17637169106559738158
6695372651500172064
17421435137155399854
4216882334013037602
5895493307859489939
8992679052689522417
2931149329539195241
9425338924311961257
3153467915829037573
8457222180707899166
18109934924801806109
15296430546806818609
14867479473405752442
9634173188575997139
13065091533198000630
1798762478218878624
4981034548389980358
17304009500665035047
839417261370517785
16234894170025257573
222432144612342857
17245080749450756130
17412918342500013361
6599986029295376574
3690054992217319246
11521876943199446909
14522575784082522763
17160254404168915101
6516450574474804891
4384431723209143000
594099819417381572
10715879105468352577
7445288741830122154
556147809637106038
9832521631940061805
13677058168608647805
15332693817890029636
15755987017357114680
13563384765778095099
3346208263887787912
4859221607002963985
3055058118297919337
61391702468380499
948820581467085108
15845745005729915489
794717349337806890
1123544373064537620
2083640454511384669
1557141921796103213
2380202688430175739
10966310016781401698
8421582173517484333
7464040448242126662
6185010793142929322
5923612643060947888
1594179419383590577
489481657708035983
18369478505214800349
11284113084549737926
14580762934491251587
9480106631860644402
7287943416759209572
7218116087415209428
13880494605452108958
6083911342869402280
14668679715912626721
298472448332590984
14415866228507374738
16064894407207449478
978813742369928098
10025294280014523530
9886692151457374398
8700693320612388966
16382928538624904525
12053181764726481330
10229605888108068046
16107611934432470901
13203862280807093772
8216928193495450297
2331697791694100583
2983830673661939456
171774292710709784
3716069222167846537
4981606556789150256
147888145549640394
2654931321566494844
294801160394454526
14029579247032851682
187286393808861383
15174472579354977372
14426358606933710041
17163558836730944986
15619716041968927722
5029421684202745676
1892145705834110472
13929281943773822807
18169713475115752792
446162809012560769
12960023001912836237
16039092509137820755
164807817670987143
11745785841016834558
14590592395521859883
6906624106630796141
14449007481534643950
16421532715622556620
6635101360903972665
9753822190933076115
11017611364781704639
13172260230314577295
13879299162803554106
4490401855064472235
3410858984517274467
18246607012442833807
4722542041308488363
16624748082540052839
10841348512720469098
12807530951771514107
15246298860025385058
5042869223799935918
5846061805300763441
1781543582030997190
13793538138889015814
5664296513178180405
13589478128020492647
18402015515104242243
3509141905052175176
12832000179018751590
18127085611266201049
9558740177599615918
1855548877188128546
12614969264424293133
4143806947155970092
5910236705692454310
14893166299571033257
6706301243259582829
16757364082042017539
15684183085538186001
8329229044911856902
16941559083441106362
6562101446918660749
14350249010992492223
6521915672943391188
677539083773626918
14465799118919975089
14030228034080088297
12798256561801141746
1913125276441264885
4606012912206159085
15075669065219246765
8843692922031533274
6867109256871630468
7551121286993944281
17512573152250252411
17323080383458208173
1418265778379183943
9961744538308043714
18054630028801735987
6229766757257227995
16818418584830195707
14793136918329219892
15116976511652970321
2840689628398691415
11306740617736712614
8164807006169002911
16852920983478746060
15938503071502846325
9328509207693085148
4477369127853578762
5320734104943665617
7548798458568416257
3003592462111061428
8167691709354603500
7127919793662605494
6679551615380276241
2281868966742065551
3687870169072253389
8551499854126472573
9771991551025008833
16326780637874810347
17717049545337019716
7249676831613571259
15228087366757816185
16662715135358769292
10922173995784236890
6089845099306497345
15048774601826175294
16737180637625675451
1820577249616081146
5096442801376091638
15118673932402978913
5439326688812965002
13266756432243557096
1947408275281287015
3997349430770860015
3177892369065451410
5408917350008327213
14053765942707108140
6251197076969379322
10431727349183269328
5801320254612552508
17463745663671048027
3522919364725397825
9745740212944027150
14702541967549727906
9400465583404149491
7681506079163460348
8036319681994499867
9808478089073151694
3465574856350294609
15007287801599403972
4443746662954182358
15684775747998800494
12214470454198438095
15957383496438113932
12843652589246522425
3943268694340614065
7882465203530672995
4367870609620901033
14064210348983180050
7609312309884720578
7005114515258955237
3702216882111670585
12156667297009531105
17355644429747698549
11596798302139708923
15972738261531144705
14816725486380410311
5931148892904618194
14985325517006653022
3665529829120524946
11078847886164124794
6946464370080803805
1830923843012905819
295952773862341138
8899027043798636508
2891839562930862754
7792756999692889443
14071648578201828610
17620688486272638195
3710012120986518674
10700477533002629748
10094569142565730977
1658352381500969989
15903706635267404659
1204047087801238024
5858993847424096475
5863932385399072596
1855695039112711632
5334291941808386927
12988427493189142607
7538937800596195100
16675058039530378839
11074732026427826531
10628403829734178577
2038920019681181128
3796305560982363135
2173104525719689857
7523724380196786653
14228653111339855941
951958566570572453
6832582963233489352
1113260248027663940
18018052697015083513
16636865965532039850
17721714429560420461
850974791871252526
8913271552468085230
15094271835689845651
5838591822943335920
14013471262958006415
7401744939684082612
14450281559137699071
11727273469955772744
16336066572142519642
9024358929502259058
386164814467935959
9023434163662746398
8706982150118498340
16445530342632311019
12810993184621306230
13095453464149844849
13664685351468899315
10922590751660583353
3443004682927160096
17291062895626795870
15518833953828208908
11249714289008948381
14890846215105391095
8361213333061000450
12579960956646802275
7247914567740992633
3192343444236698879
2911594133002927033
729904902096558062
14988835457423588575
17081556736815465740
5018959991767244106
7267024894483907025
466679181236409303
17554978537480473494
13845304189107029331
17090767894430601707
5573226568323003691
1423897012885399387
6997334312192305552
2996773654270531970
7139941311472351907
17146964495789759
8093051360092318538
12489549084680925665
1550145789267104054
4068418502384003013
13121196731742938459
1233641309460391616
12128625382019570481
6038946795050544729
16300252591973514780
9545190697110961534
2337625337718120581
9949256369198906322
13008166805579644785
8462007570947852882
7642666901150666455
16550363796125054380
15576162290898500767
15636078512386865092
11219552587158489810
17552232295262851213
4995514089249263600
11720502031346202070
6467254638411602577
6786679095426270650
4705766498647425735
2498526862413553701
1057811277747724747
8924903702624484974
10017351070036303098
6610764158927172464
10158271827038483913
11470941930061662134
16320635596207713266
10930624126082942904
12193843557672497347
6503528326630915329
11227658237805290973
13622623921008279978
480478799371754388
10833572988728101519
2317328227045541478
10156906079824545700
10529693000016312917
15981173165880316341
15882718055932586382
2403005109313992873
8488362287444800971
11468594091407527741
5465235073691109320
2796756334887385069
12833916946208258900
7580448186284486138
13097958730414095461
3162861971612673366
6302150711925376233
17502628917622898530
13458059049211889200
636539596301214167
5519705284302541770
14217220155974654555
9117604183489151591
50268594129733672
9606236979934684774
16705803142777436376
1857335147529948605
10519325816926664299
4271602477184789428
15473071601999516994
7811055859382277767
12998578154284706909
17413018911808367245
14679561510219693247
3270757121691518985
3178875620793932024
3802184177030292296
11272153872119248559
4907125385469200869
17726939661170743845
14148671249073854866
17641723875831940548
18437920631436483634
11236924731589489607
15717241630110961769
11592483799338431326
6048242072699189220
1494712709394906584
6143686157604223409
14278958155419858080
12914787243199016242
13580622543187071360
10408249062124138523
9483844749772513285
8338478164451224897
14948060013024108627
34850736911722562
3997553145620526492
9242051642765070876
824225754539868544
11359513463742414352
7241438917100726294
9914341219866693836
4696646481066655054
4109567958983405707
717213933672221420
12715791859566098147
7966326732783259180
15784601177752449293
8548476819789514627
13720442129370197844
2231835357914099805
32151332979189085
6064720985762194130
6949795379243727409
11329588507317557132
7419038896741631220
7858625033258690695
4255102078029373352
3343108542838958353
16814574584990220096
14240305668728766443
11750884908600714023
12330860183076346200
11871046926859517095
454615049287205232
2259556721630629506
10844614722784103365
13537177991870162526
15415255045969113312
16342847584707571134
1352825662644472214
14768663919874628098
1390971230457173014
3255009585950419532
13836446448987650116
8122738485701912737
7946150734258082698
7773900862743676653
17331651034637877872
17575729294979475471
550000993427204467
6448799942372886503
13403143194515060287
10761426873031852291
3746017859843391459
2211998939081859300
1606730528798891114
12696388697045210104
9569440964562178421
8972127509306558306
970890822465009302
15700416694476733018
9005386551551695547
16147357419617007159
455370404725806623
16899522304406224629
15356231896405629795
15468964908569734161
17991118401124845861
16904917034786704913
11731787110095662409
7057985037745718489
15741755237153623361
270290143039604177
4808272788801798302
14746650295650865709
6301879535174279699
12802906280703429467
7959452700115963314
5475203587503745411
5178907689544102928
16384601786976494541
11211202448169047422
2273805914139274340
17742789396978246746
4365665348604143458
3759648505953516348
15790284865056542410
3142882831625769505
9963078446513399609
10957294636003280895
17454713198466957216
10934734630447942295
5554658398654538651
8407470408321737748
13084807730322031256
4597795820297352075
11881383062136423676
2478943656321647398
7653429128445459038
7456875550501548370
14485263547619323303
10722748713169981035
51958214555040365
16205659281899007660
3964164523894415970
14845310121678629208
10696986027340645000
7067098319375280679
6022233015664434536
9097709051378226410
13356431773064981906
17306864373013926682
5026646426957730411
11282341789402779961
8438029098629103666
13414152494956610703
12926501845286847772
2469628889717730302
8174513296547165094
10359979286035659113
7122438168859295944
17953343195247804762
9678090075311905744
2979563542896828717
7072424608938159005
2804231459133283816
472016297100424715
6317560802993689376
9852162668684835861
7624602496123497532
3706195478016504992
14522986636112770569
17603494104030924081
6411032624215741068
5145215332801904349
14487364231000463646
4984084212742428445
10629828496908447700
16702812790123044784
4521811783224945434
13928837279499235336
13001035757561628870
6127481794872745556
2808314417820949589
1161630685816568025
8369485401179878541
9736458134992949699
6040038276049527678
9827924846190655327
11611641861461784411
6150827048598993917
12422742872419393040
10656497147298293534
5603343103943640252
9818032044945941152
7514843041835248080
8333201797280349155
4925911514222818017
1580158834100254835
11802033957369246819
15446392554150409199
14524306039577880227
5137192116544003594
17101986329252240303
16661058671171008745
917139929844573930
8089806438658755372
12488944486138682224
14090609462914230466
3828795317102320503
4932796329666856498
14432628893648654970
6489074922814265093
8652399837566434932
2820201486286617021
12967645945114910186
11271821967292603578
7308479583787227256
3370528696666478302
3321625466374312746
15126269908742961399
3999458190497527451
14225025106131314761
1181296286072960031
10381182679500952815
4715321595988933893
10386632024923203953
8574178555458644078
4998888962006627092
16975846412645001985
8666335232171940446
16962339081579732530
549229436291197140
14384033201063580394
12886914555229241914
170776957489854115
861737557011912371
7915627081934030187
6026208851728520036
15164703169748420714
6341917702535400293
13357215345176259973
7710783410481880234
10861756041620996013
11016422855301669618
4516114727867178448
17028950874362600385
14942390995088947697
4496571631558671864
4864526577152457009
17807451684743374451
12490350084390764583
6880505340050681238
6891357467506394240
15458198992762074837
3742549329546813793
8483380300393434855
278596042902027648
16664716133749494882
4384083085538373508
632321420183983753
11099089504326341494
14906275345973517464
14618347806001283136
14995856688510871634
3960495181243591383
7274616751403847317
17838751516875091609
17231932857070406985
16784814680068204639
10161624298823254673
6030409353161227717
862193160160236972
9223727740868901212
4038029899385078304
2419190254018831350
17220752772785858995
1944863307948599024
695345115668321342
2212762523740309804
16602767923030598977
15663113784703481187
8056272730999294679
14656253154191834106
8636459933173155763
17522666410077443664
17554023228030983451
4962830886867686671
500026880083484097
8753113794076361744
15624651732915273486
9224233996700697918
8484408324799787696
16700429672781511615
11968467127251198319
4232365736463728340
10648734864661773160
9741995334732879556
6810660172332032128
17604880779990459130
12720471935284457093
15773691643631791385
2100530176673288422
6759147148959345482
9400992986889653209
9765560075167722190
11904800832616455186
12107349665778613198
3825233536453975391
15091281581702672989
4593372435712058052
6518233900348869603
15450422807246693706
11249290166040858209
12200296924217724809
11314981017590557546
4433830732025346058
17194772502755654289
13929457624741608983
13593507437271131245
13751472352027077219
646323702693418745
16557635264209437816
7136909725328202578
1897416404885117773
8536225666851535389
14618845344479871408
3000831028784618244
8176100604170401132
13626907184140582593
16545324935155021259
15586457240960446346
2877432279899752961
16896074029825181208
9467425003932858192
8471898128947277927
2636541499827680430
476676853143976375
3201866521890632361
6984429422589336946
11899356327172166091
14855703482905148547
8929245782199872564
7215680775738016531
5602732260252512852
16284050760132613724
13487577276664035241
6430172017122794557
8216875895135209612
14810842724043029610
5496199168493072270
8913897885845880600
14108181735840503651
4073015172553549128
4157932399754158847
7568310170347259761
6346226604004659380
13930889344862972464
17126452350441734790
11807913334980160153
13307581618488561614
11860988746570812792
14698205956428524930
7099352764938329639
15283921676567723699
5118514011208732162
4926795922323012351
17848577675206417828
12324141227131026445
4631443691702408518
2376317877750848494
12617677431357578467
11140071687418060593
14702575545771690889
621594515071671156
10538787564058726553
820450428137313165
9009520799072433963
3706996740907780182
4630059510790801809
18156671248800009106
1179826768379393605
2574478868212842268
17326803175659569407
6055491854790488652
18369972899063732280
6209345893705386552
10495894605884529168
14389210240124009251
6083187793465732317
11559973972072930287
2399992762607150206
4922532280356710392
3653009803913318170
4892016259103287393
12579311110035923629
4971824009478078996
1484513009051443976
8107365524537356015
10281890824584287501
1649135343444784622
5028718755998080772
2778557721297974692
7757075661296563921
377789686795917502
10461161301420525502
5465607906962558371
7769296432102870817
9627885027765345568
2820533686519303163
4030037112218318364
15353843581646246854
9669690697684165920
3846225428752223906
17003046305992849135
13743128167088161151
1544648297862268982
7957849579565078137
7904224744958401087
14513431798384849787
1216274832973296390
17768176280303510451
3075896015792922398
13387934399082914893
11468710803685543410
2961141567329086277
4515331305222553243
6165512888542250712
7026609306990082555
2357697480768632121
11537353109528688535
13187579184742695950
7341134308422969447
13912316963855267892
10986477772990171511
16006719140033497472
3809554930945928846
15473178345041776820
16772672914275042392
10204894929017803790
14502671033903968675
16683264888495431112
13120084819340417440
16518361057724705418
16652162725085273733
15498677814252290308
3004710203153550608
17691518783098856053
10569042771303629111
10733916748823565986
3796643913943805461
10992191221528729240
11634342548528077132
12760662634689111992
1803278478185737780
3987800483418859335
5247595222580133031
14327619939568292147
16908685088117708196
17312746601173599568
6693278038799882959
11562703456899164096
8343028990332168349
16034129693367999601
11431459267225526841
4056913555082432662
7604452828071369866
785803626446068555
7965787115337862524
12941631443343002359
9980068150503187483
8396542701412494706
12695317317117944368
4664722988172437104
2843520051994334705
8034636528762433005
