8572817829861989159
15297651958417236784
16815742639333406104
4561031750882015059
16925528995834290777
16457014749433414959
12462774394801289874
3182367549407336492
12450483929088898933
5166975394481586851
733176764745757052
3351317524037771204
9723034885301009237
5244708641321019135
5304632891099965228
5858411532506756818
4616397589438821046
14264933768166579660
13796015404844936172
6653699964633061315
2491150846880977220
1668713892752795017
4548435028419096886
4533405677829879568
1550732659442468982
3114101840221347636
9785423283720793101
8914651366713172926
18365072280357174935
17454257890571143881
16402261423813378842
3829605265948327185
6417279831878570352
411500435084383847
17016042965914149535
14274854976581433002
2149021734866074534
7630968455476451291
4598241470502583670
14285410527823771251
16275762737073819905
14993887836317044042
12797467247048793377
13356651965621016970
16173443490781207644
4161759865198700124
17475752945873888969
8406155606696789760
2926977817549022185
15202415798685809614
6247986548556213647
8050120980640994118
11150926709749967565
9306288050547595139
13160255775331578703
11230432931637400528
12537425829325969480
5524808351429011394
9447363935962097904
5155294881439509821
430569504987312142
12419089386769855965
2317590236435471911
650773969608439929
7038977438831927705
16476263997119214982
7129938053619516834
17983216972473642847
6251645783854834132
1417551681283007897
8355685392966447942
11687571427808571437
17714756676128528373
10282418484323864441
9591758442935588747
6532885660429827371
12974822970727067364
9073306156025425625
2597525688709249006
9753475834869134638
1070277808396758936
6807808749014298974
17949777524795909493
10455098891816399584
14031234251417033613
13277451901593351472
3917806680509791303
18396745283355775528
7890372063399194032
15513048731766463929
15800724450746301635
8934622939683951996
4464161509476346380
2391664347588890997
15680122832370476919
8175184125675291722
7662470050799847189
13817498164833439686
16526793599273840586
14383203663156510554
3599126129637139161
15734055638986333155
583712883898218874
9772659691342666790
3566264920402333057
6284207134251869241
9945775443495674539
9949939949552687597
2086241376678643105
16984077839166887342
1780788020206130879
16169848107687237097
10082751304863578406
14305071321763911557
2632507335466897499
10219956106923076523
16438319819220719860
9710348014441688227
380633826020757706
16078062542569875187
7167571558103609349
12273003860145104090
15490004683624223002
3363792042737704583
16616842491015717185
2192721817965575104
1157820642574843232
12706708037487527419
11311819810202626425
16950554320490161738
16779849027397804732
3372548706419572990
5266960456033461399
10140447127009138118
11403586523977504974
7960347462559003697
10251398889093193409
14673095521460057334
8518341007671791714
4115645354055815854
13496339818196504971
6837294969907393681
13290677489440724682
12470930458708493602
14925651402502978712
2372838683025017469
17424196643579140172
6521005050208341133
18296626874704586161
11455370258131475160
3397009652041196846
12606053255071858721
3773513563179587683
11710410034643195687
3184387286849893036
7011671895741322196
7277026714757048417
13191102937541934080
17558187242331016301
15575390234436649305
11294245926702692950
999300798824428442
9326391684315150325
1965568731334461310
15189611119789656647
5262510977044094130
12582622977156915662
5817269175559629244
4368052056987582199
8822892390627505320
11898711055017860183
4003601765195895148
18214649231783332880
12260250129355499556
9022436774991837542
11620905271052808718
1671681040882686029
3028676660264804243
12285621857272658026
1568075923475824432
4555595718957868016
16496168685672647295
9062977001869823045
11239867064431848418
15584214080514872319
8606582403322359137
15838784166232756502
10002196947311852090
10282431101605569006
11182818349539435376
8123805487187803454
4493198541534562652
12463377002585905472
16253902615190991867
8156895328667901705
9117124423373627100
8958974786357726166
9222050865776423988
2290831661048131778
11450095280065481023
11621017440130665735
1686729417140373599
2501682608652874206
10315589624044512413
16831429314375481319
3465171063389695021
15744921679891177729
287582273390638670
10695576223121070577
6952800576447275267
14717859738281702287
5854455222575739099
14148831506438239171
11680879582704438049
11266586506039389519
284448040291864231
15803480825902139610
11583162048499251881
2333614496113301023
18245284742097579654
5165064251639215280
1202951858709528076
13830706172293831481
17425616476117208219
9998126616583997689
2833519671055071616
1254467766944979772
15852551996348159922
2902996318011898395
10686319484837461140
15707662190623389665
16765261128458490263
5826749622845659037
397395353502443378
4416281923642705989
8611059827095055827
8708652684004574248
5170142287800209021
6422102933724169133
8861708701440569955
8352014009255152737
9640990393778708077
15506948741287956070
10277470099120275726
6951970107262309843
11283283233319738303
2110580731959011286
17676853256443610043
17517562700826901866
14505394351756828880
15910166442247710367
11488483182793169731
760071827167539945
17393906605031652934
12446893311298907137
4945423912238546863
17763090311584164717
13576911722150548068
18402656317140002191
13117424214341463226
4151418976787079981
6459618516825116915
7416995612689796834
3474005324062153570
2724727084026117097
10170588291889882977
14252748730450690495
12072922393644689795
13932818264211324840
7330095239240031960
7773113234993497723
2653664781121817563
9863775908385872617
14080359938148951317
9150970869709577089
10396139192547383863
13676263734662780715
3659014288147389418
629525196605007867
4089798766797014694
3195411916449793450
3794012305512195981
14678419492389260838
5294913168683959892
1641448426337377204
13566192544489524426
7940774358731233300
582949627304737274
9088337612065207555
4612293232530552230
6777860821487326790
13489402957044463592
5550509521953788994
12558017565975520721
3974892379684915242
3234346615184486086
6222336026565764193
2104820292110113754
13411073763186187591
4622855310568577786
6880791488000199521
10794427426835898117
1041710138201852070
431080096489782731
17222165275530863923
10946128074191689568
7324866141823314499
6764459876422602442
11761099021713900748
2818281186224237348
9979163907751922518
4833624648334135719
17787290677729638081
17633242726209311569
12863699603983701695
6181200367781349944
4404569492330054301
15285061753076071362
5968283939187321616
1479417282039574927
17744384236455194391
10431075957649035652
15336466367596742441
11619899248696903631
8601844662971337646
2002744611281293442
1298511207708009201
2899558015521340093
5657641940406283025
12592778140539171049
18174783560633757481
3356570614597645536
3766881623168676904
15626399082140727662
5646339954553637752
17448109801210452589
17364457884541118370
350484959470868800
385310241268055947
9534368310754701590
10586903089992350005
4762026349205154344
6681932923664961587
8694265920415620239
1523711095419595677
5029695810289477540
16195350207626326184
12111189178062225227
15962861200899077727
1708738091093878619
1972369300452072499
8555903923502220685
8506792135061977374
8722300071161390186
3319770032665099263
6860344772644000526
14556079829654785867
10034752110251982045
10082348306353991226
10795863216754212938
395482501003419301
5365600748564198128
720365199346164806
7517236816192261678
13970041674619133428
9010489846025291142
14802749255911333098
7175721419361637058
17595731462313393834
18391575551333655492
12445677426665888100
1748059926024853914
2686120004452622144
7851406093244279163
6770346942370118803
16425226320756455661
6192840780118582244
255283250375182510
7230762877791948252
6479924980168333242
1736253037601544732
12158083820268009256
11013826122513624193
5736446318086307747
2794782732349465875
12426877546840337445
13979199592674378904
8735775949486533925
1615360030868665883
18407460585039847380
14711664430596306961
2319804993408814564
165253337000945068
15233359227305285935
9261622427674282740
9682033505913431553
2745281462569063976
17020476061555370084
5504883128349074346
6251082145713607752
13419056217997383705
2617978202027805869
12505885972602889594
4376873552758398082
8989957143167175416
2008606084212560594
15231412483609386048
17148399202124078854
16696750760329355943
12161893811778201183
18175921676665238631
14701266790463477200
10710283078363804814
12337534912508402173
6124706838786955563
8828446883257982426
11135806783402707647
1079372673763155213
18300913526047890149
7011237846484299023
17431719135300558158
2987945081914155883
18005162865623182640
13049494609962113917
17826273040789058607
13383862384443732674
5173589601042326094
2429636116141852743
5967214716760241324
2018292464457333325
9998360220727005040
17821769044825882088
6638166020199384421
15104361382660677044
6037704855994222439
5486382841881536877
6176640279308560409
14133883854412713029
163596658502796875
4302973238265869704
15901089719249084152
2145282913643723213
7469397042415441705
4406575039518418320
15983267080457808563
7542661499558091722
5444004104355673314
1851809693449327879
13661733392752774334
14628486576923262611
854627844771987473
15803951227584125599
16239553489848720275
5991414003983822660
15967887541596486494
972040516918382670
15974329396234134060
11960483953206335209
2073399169682986453
921418581330907567
17953685134975773727
15725075968757482037
1303165055126259406
15714125175357100752
8104143722148177141
16826025437806299153
18082229379996009801
6545813929322532157
8851686654850336205
122959252180075837
382319913509881304
11591798003833918794
11872585656879571658
13429332382607060330
11208551654589404133
5842884762172526310
2278744825708537314
12206852069933532668
8084292715226487390
3311980491500352736
15253750676803302488
18237931466667041054
15950638169502312639
8345951977585013574
1621607745815633747
5524234380929303488
12709583610466958810
12256942350319548534
16884018905664871457
10078382299423521268
2865773933411190868
14163650925873231852
8233406109208888687
14742649649758035079
13382774380086119586
12256597420815875184
10755962101751954630
9579317989715356950
15909493110150501673
17799892989588702832
12890553760540303926
17259647888808338454
1690467046615509194
1509270012873106892
17120447144589876819
673398490878955244
62881698966435642
270243206103025668
3789249675741945500
8340497517509880163
11851387393181655650
454839557191450550
3623478406876996261
11784990051193887358
6527284369466190225
2164360456778863168
13917121735982029082
1183403085760046948
12347262307935564525
2494922278538470814
9473730025469203377
11190356828478549248
6453641569676555672
11000275978168545149
11027377088932554456
16617196719876673436
8102149467397431678
15706624322634901938
9541448823694201186
5614427266792847357
17704499654638259609
5726129505540265766
14205211175655311745
946007583389656363
17728652268766478855
10987426990852244067
3833563533129830463
12521201815589978711
7265631521919328838
7567383540279378102
16293839916154565956
17057508003486662489
6459379928207186771
3749466391473101110
14963613131294402505
10283220536376209609
4796194563679700701
15361268724449552257
15299838418870258763
3437625983502390763
10366901337426586021
11139496793532777137
14372964895280031289
7779178910452066616
7465276661516469870
11877956774769526951
15065112674601059057
314861088357634777
5140922997347236990
8104138149623441322
16362014326064867385
4805355398839319597
12872863794817226130
8356479493044036192
424061857697787734
3576609318411158580
15900662273627947089
14920463913172448794
14288457450974916911
16830492597600816497
3589977046392653121
369725243498083828
6477637237328075203
9111550270295119254
14973569989154749050
984688680442023264
10210874315000243484
6261875343891833401
11053721505054230585
12877648420478930162
12191129271930927880
15719438175188323334
14404284174296551868
6659163968333926635
14657013671328902473
7244338056487395188
13558790783825326117
7710788823148063446
16409237136015362916
6093202403147462512
12987822512047304472
5425334319302451220
10370809906417681699
11328288354274126169
14485046347467398732
1587853012067746928
4188109488256961346
15130821955831279688
8890993950810877271
5525151951790378731
8201275808499015592
7059771978327990759
14922294321704944532
8281273087523511992
7687882808401718880
2011901617781446736
18124039912610551581
17078070491185147485
11501984554664130505
1515183062844677315
12715032207569639144
240305426858398371
4428706169332932560
12242308643617615656
10042424688757863718
12815650286947267349
1345389667352239186
17550678167554234803
10625787310363705783
1107577104558283591
7159640930800022493
6443481692874996296
9272333207665928072
3185828134162229186
10909542871479822265
11713020305130003802
11499555075873629649
2880817495502510162
9681475887461231415
13529787675397286909
10835043951320613549
9964916890549324389
9108092126726871519
1525347020327052092
6686759916224078376
13025479655679647239
8952171801453560869
16141366149640654725
2524553103903668028
16353134369371401809
13447611160162185476
15030627358365183658
11265479107056604213
5887649734116120947
11409160860092922566
10578013979229744283
8115112966494152766
13178398345786562684
11126658727212788621
4084310552745564029
11123186894237467423
12151652977721029305
5590694695901144838
1141816230936950409
9569464940408199288
15964693596776819864
10172381661361746593
15273167581312992099
9185603142407350780
11499358890832423938
16409180598134636042
17582547322715964860
7164039628583680971
8053405666128248930
14214624821339781835
732699736067523898
6424236777650740431
6783077547446664148
1926706749824381959
9579950187011298643
12103461472594661594
2504186612277955284
7153851326159424703
11556392527309334069
1379788773807756379
13791997091613753700
9116330133036063001
14902312221513384254
17674168403036077485
8553824208440792228
1856796727638820777
8824932172609891430
12869349479772288916
2091489744850782552
122460259235867848
17195747143445788656
14768140962619097923
1082117613954176065
10904851328471957308
3908453052530006117
13528748284120279579
11704760250597298127
10015569416014467868
10316776574352228006
14785045375461202941
18405229879658073131
7223506108417145216
1099964183836740080
15595926913619191131
11981875494853178805
6496561565145876961
9296141563613498467
16985325132209493688
1375092494590813920
13273813995394569890
16225022222130780553
11426612325044503701
9471126712473841725
297201369765294044
13731011814575151481
10261468080464757018
4806982193394947525
7934807986545888561
7466555967856574959
11045284918113149237
16797025973777471413
13762067662242261165
16600347007398501101
1465931205104786629
10124356906160196101
4775603463113342839
13634829413088180378
15148631123040788165
12781182755768774805
4451432760132903662
17820367607578147195
1311028391804246221
15369815794577357582
6877920442985629180
3842055957242728794
16451386323937125844
12871324981415291804
1767202010129875489
17275779920262069114
18109533375010284017
6991207190196359
16583181838123687881
15294176907159822565
15266218250557307821
4084772677350810906
13388689148122937573
6462561817257163084
13674620238330993765
75890032858381232
13530566113997408835
12099048855751966288
12037402829337773719
8769447787643038637
15184701341940905984
9890483352945598032
8750620491905157405
8728475705625232203
15522973571371377787
8640624956929527616
5366566469593688068
16687733764321194921
10388323727602304160
8878119355027035383
1489863917680657750
8124625258262461716
12823769997960886400
8399185240731608187
10860840142407074464
12878194451090512017
13180480250027354206
192398225555316962
9487298989707953605
11366965666081765258
581747958365651377
2369737661790229569
17183609753063364992
9203626900771481738
14385986822904855536
17649796506677066286
8039554377053469626
2372889049671849182
12813559923811224467
4306890972934068445
11883447455392887391
2836070920349306296
5460222976556420067
7342025787455977119
2589248438997159247
6923910516825292612
3234061122259034933
15679375270411424426
7433575072895620332
13223852627986276622
10587349670711646508
2911531267441419433
12756407374578049992
2738044753804428322
11600675394544218198
18178709830346390367
12919043811122748489
6590328679269634731
17628067143957363090
17215080815076431966
2901274534682742879
2829946027586170756
9534487174644537941
5786885129000311828
13331332928469977410
12908983002519526715
11101315807445479639
86652389889917546
1797447995010199678
10461176975302396255
13413428845454371826
10053362657179201124
9491064895924026549
7406399650145622031
336712957735414172
4618625263055913873
7740823074771126237
5935064939690629219
13914878812668170525
13684732056493231773
11810233336494319086
5474623976718722171
17054876616724459041
13731180104028684675
14105942893609834206
2416507978470657233
18330739816932668884
10594473915206791047
5850035214954353914
10513831544192296414
3014802335312423098
383168741336181446
13261003151601657961
5125554521335409242
9753658366963307264
14476449973688931901
14800948796571957127
12564394802695970342
10228093253355871509
4304407482495229760
12498084459158990664
6331890993926024391
17798821298255094359
16133311880449128059
9929734148165251933
7833049825989502411
2912201433337111728
14489716699084136108
3093585951977800720
3933848812134453028
4389575642908809509
821486039124329618
14909343299701691810
10106775700272997204
15982549382565945232
10253574701279809750
1728127066506128068
17376498503825966944
8044604771335952725
15638029328936661633
1692129515776191648
6561561368402159831
17793492865224464599
14340326972307796263
7489308161865577016
13056508923906064429
12151869067639875149
11896880743166834840
911402473242760828
16362097979796829274
126194806018474784
16511707972263890107
14912102104833972618
10838074834223847000
4033285140225539793
7333279931773883513
7140540269827781116
6492812653154784880
10625654505479180812
4757196010986343823
8133161525566701130
11240561677361518093
661586493641504916
15348189067670081762
13725841155814150629
11294139605999801216
8303861765293761793
5590213386832822488
391456508570867446
12344145931290989821
7702477922007861187
5689875780252449672
18240068860621598935
2931568787247336767
13863222227338736145
10996164217889363325
3237003817408225895
2944309280581497558
12396469584941441530
9413453412852611702
11662588663921290646
4444901306595702089
5559942201559787955
2335403535047943603
7552496473167418770
8481924136442819097
3542319600712926661
3040084328084361746
16028375039516807579
3181910441105698144
12031898191620548399
16180731960914319954
14620910110316338655
9532889843099320982
16897305793368656100
4330627827794226502
1521816646420013747
7618967347947054958
4826265345398678890
5626419217951200773
6704028314084482129
3268984981309903887
10844100392099842896
5063585591649436506
13593797970970490213
5945349558869030785
4574433090998514860
6827463308905347592
3600021210473885834
2598353783562925593
8391761964001678282
18077904331518334247
17784180764855361343
2983152854453022952
1569847139823464859
11326137609636470366
8909713565504556352
1185487999918213132
5602091082556564383
14947516016432571699
11921993568529539968
5621796248412396503
17579871214438362288
8714608290768996568
189241273473484280
4872530451045416815
14046337752084032482
5377168412977181815
15632723862156445267
11113126990621192754
15524018239100042470
6122858794619439615
14508357239584929971
2528488416727772322
17279372187917325437
17887536823457916444
16232984007824929789
16214197330439944458
13782004398983155740
13756029563779576862
18408026350047524128
13092327496152598211
3044465265703647441
5219032333116678380
3437318038522344994
10317008717799261583
8777214600353582913
16455304705624869725
14863353078497476511
5900823163983558517
2987027627341238625
15027491992781236358
9146892766682900595
14030319212516040502
3220387404497940815
4971255362557484679
1929076085973622528
6085746182474246189
11409631359007291791
4513187830096798769
12946154743401765646
5740526849711597586
17334907321182751752
14036798206510099951
10623949962191435828
7140893438523846302
2114057617302541289
9737004883197534040
15762896534803418793
1932121218115523207
4179149651138674593
11691269349958135623
17013299887060916100
12024911712936494549
574385767847151539
16106438025580535187
3867375864459947821
8900630594048231809
18033818235714876044
4604967670160664659
17398444389655041481
7622431911756084231
