17914995203962662450
13657564158382942038
7122679462978163952
16686511146903883015
10555826767876697966
17326205849950268977
10708929726197682526
7449836917758421673
16341841125668811950
5409099830966972905
3785320984706459852
10479304118404888469
13244385962235945011
12281334526687260131
11392672189857353322
1908685221024036631
12644817161716813097
7994949546077782318
16436421684169634703
4266166856914691694
13517719879439152919
17969874563058543258
3133935035324944591
7020077555003087703
14820085582374996902
4662358221394242927
15783357232442709733
12145011067030308437
647055698247488001
4635630022798844152
3885817043415997864
9081136200093768653
1294576656288464723
14382531307173650915
17316774340642238178
15900481070027590092
367396829129868973
6847200700106538023
15642363471236065329
9393511179705488009
15711872274782897636
5647019076455438774
7837519355938015623
17853865947204749512
11964601017935319204
2114721383397262780
5135699101178424843
11612910114442722863
1569368497256199673
8677684793939680582
11496155931996627629
3363628209697976225
12835451875431110294
3123121531762538215
10382558240343493473
9444366853314934928
9261779502667520016
6139725239601884337
8138410431046466820
11445219008543482144
3483204163764901790
15000127208922935434
5567230010841908079
17085969994562208861
17693320211764709340
12716343901343077585
11591366595504299670
15792318453278959011
10614996479080149054
5827140853259240022
5997678115108586315
13002220634940708525
13399987782720869670
12580857729770029933
17876186840958281126
6888859400791552883
7278530099036185256
17954864039203360165
8443874348947823309
8331664523027105852
15811655048680154927
2697130229880022527
16054826618526294932
7386848476089374565
15750318483350864208
16915847947697791962
4234064957736508562
6492991839676201911
10950906646207563657
17100005459195317582
11675142449372130427
11655995649130234366
17288933144415806616
17834890154533357321
9543155759827883312
6541077408815509467
3292393205782872883
15174184146677224572
2907503186522345433
9000465985658517923
4612510556622174923
7733578637892126338
10972022273618497636
7438391985611195105
5552589465176557123
18405056604057279894
16684457636199918993
16114298049048372228
8557558372933171924
871102991113686444
18368854868350531319
16235264604005871698
11790781146343119651
5819854833930495360
3918103325331199263
5476074851504843695
13410471563123449812
2755977174807743416
18150349088395025643
16386373556893877798
11927415948581585360
3490470385389222443
7721065928934130481
7285168034416912823
11275185646692552199
13022559271986617854
15936309363078983295
8791934686611550374
7835507248233571137
1180063032521457815
578025668542664094
11867742074619113858
192208998706715305
8220180624020142909
2740492513969064628
5828163232785214020
12089012769527224503
730445040384767916
14185204126673942717
268985463790563443
1471053759446743207
16662694722383332146
14602723618553381297
7129158840043899232
598935207181760640
7335554610133027263
693719633534677377
265105229340122034
3659191657814733191
16420237617097776101
1494688415588258944
10533965297839506111
83560624183032118
12389185936993016704
17487687135081790195
16776252117195447633
12921994619475861668
2026707304786159512
6301374560165087693
8419328441576752706
8208694075402806568
5128648418057209653
161078247881831756
3159729917914074725
10012242822992415877
5414879177600895604
2418384405931624325
16877320534407229600
5633908566540256257
11736000719156043045
18227728076500738099
4986096363605195833
12654960487725472449
17826105577463402323
8208333920749487138
4634389374967966492
13759747750810726037
5132279525299494818
6519816132806334341
10533927816925516011
15963846119106058355
10384466942176774768
11198256644767459701
16724772691493839611
16425636579513877231
5358000015250047119
1055366170769739565
8021568320795614122
5406749928881186899
15843081993007544276
8987568303372020388
6867966458498649815
9062782072108329961
7721265271577824577
12402110795215949595
11218281352554839592
9614305050582983006
17620258050886042896
101431472690010989
3998201083323297233
5656589181673659701
16441168684022204439
14105929224882844289
17447219581714582592
6134408921480332281
13254446965054212650
7259561659506950006
8188927802626012880
5832601482647223061
12305839852820248406
929466808421900249
855558994950741783
17323837947769555362
12586056560509316918
14774218469457499131
12776083567666270935
11936868887978013651
4562612145999385612
3230750165146972291
5199558451394799788
17084078946946165536
78371303123657875
16133483246359585693
13066473104872024041
3244704826906034133
8160860410388713055
14395356069062615130
3449042202572385499
16424854115832410787
8941122423654000714
16090880885976882323
3447478136807424501
8127999841374010012
14320136299729144065
17044686145285056595
5909454690317394107
17871220183747768610
1699390914525238847
2657966335017333674
12426131576303105455
17122620814888019889
6548379897767370272
10492848760362975076
7767966756295098827
13411297292023756738
8683628324950394219
1270441704392812741
2419212562834844419
10387171423916949921
16212725128791456877
10268971340593320695
17130760515966033595
10546796390943895591
7082718155469263455
102686522147992552
12142021708324254143
10101058551113937237
3796772097338912314
17994316254553033571
18119596638068801794
12757807244275389711
8285275078329757970
27282781244745316
14218054014080967956
14457696761594263649
17927236918021680435
15716922041247200324
10475999438848373329
621802172800699104
6267170752404586933
1348605774168689594
13244487325599909976
13572809663902750369
540542244386951616
687862380263484515
2380098144096395505
5621029947460928880
4034465517860780443
2354523901526095967
10478227385802814646
18414313443690433796
7052395388943008802
4136012878520648031
3214157503212495151
10288640209725479183
5673932193797742315
18148266554214590725
5199131607117854980
5345949060988287808
12249154979963236107
3237988186386690059
9550026952240373851
14204263524206769337
8103578967273637508
15527934823439062539
5530004132429502535
2381943535142096514
7556755273541326332
3538135091684919031
2336772869463394788
8918299140206829614
9048998700788580104
9890350201908595516
4678117799866876451
13721772103405884009
909718106634350052
7657275357711040321
3602539576793809966
1154200270199223587
5396401365683575712
14143251576191966971
17671278988998621463
7746326394710024650
5111402060009976756
5024636079615786548
10396309935624468411
13093287757924520778
14882423380626379974
7154572941018518417
3412956358907656754
17596506169077367496
2704272015052664281
10933662809285157445
4221081569858059893
1210218361948851306
6394365596193449160
2896013803427114094
8820856171751636376
12507602549138267308
17505451866377615374
11042198281378149724
6279573180782263774
323875693971361782
12821141636684122632
4952107813887334904
6550860850996515439
11955687562964184412
13244198530130897751
8295892963624430078
15553490333830061898
13124569429713414391
7999763038652766416
15887753390922147097
301684502404236282
11954429443597618520
17410898042233811989
16509256651949038209
17801758614183389450
5354544520573821020
13123366461787072736
5014485536655990982
1105001192533157305
6102860014084726354
12280775290587662742
2865460483416459681
17886865717374430126
3411429502695153039
2063694674844572320
72500855729732970
67950775321433520
11229373582949376582
4743053209984689140
13332771147863349452
3538872253379239642
5373864886511674707
727124977708379168
6716355412774812940
5984394073352489961
12920287061483018564
15988845764741560376
13318067962031554922
2139873125554072761
13128122870405651334
471446112627301763
6570244920281711660
6764505028548967230
15881166748923501065
9967555961203440290
8939676545112996625
5345079181642911812
1585443308674506034
6951627354097205836
9668460684859393364
17608080550295790048
533357185825127675
16864735755087548484
1026305445325206520
16934252279609518488
640528283756378929
18331946885069631715
12572460341572469747
1916277433619152279
14222428313532509375
15270331230882133993
1931496396651010348
3331885576880923057
3797317768379247803
3915854272922004109
6254584132071379978
6323928235964623907
13174769590166640074
2668964662587076456
8121076970171026354
847476522142546244
10758149538494638366
8461175353999591105
12447002440432872706
1981896387536352282
13907320668708796032
14551642044728181403
17033829449283303797
296946210852884369
15613616566491341166
1972068231122674032
15154342607168220560
5706364854881833712
9015110606992472262
12652728453707256579
603597911505687222
13595870253401823396
8262888985200297969
12655113968552661309
18350900985136488622
1308631040839927138
8776794692432947952
6171449637261981297
15122679248273517266
12941073307740639949
17375972659842009786
11776221395301471061
15338964161823221722
4175010777573802188
2413881576562604761
13681332578439882682
10880734837054823860
2730315351944101653
8696153455237016621
17363752990476133189
4135910908013129576
7615689302535855596
6111814425206598748
12539252760819187704
15987653322854556490
4668611251928665819
17059052596461260558
6911442485407773917
17265295370239936197
11560900286698491006
6516987975913085320
14739734371333696560
3082678404836969890
15715188695090769552
11721638160002859040
12589078470120711437
18418854356791109296
11333586786984187668
9621013730123998403
3016245090839478681
8929628494178867560
183879265930870441
7194082740616769645
12436863861886859625
1960731474142114226
10993978192679477192
12050608562437109358
5713436092880227153
1394472320262910926
5169167413693306501
14031127238748700526
17402792492104987694
10935342449412120188
1336636579010580511
17616605005945375468
13552947407300681498
5865521037261311088
6244061510538702344
14627530423793571026
2604602983103001776
8176334638199504553
6052039907213141850
3701650099949807536
17810187226106766827
6625301092515502364
11266791112041706279
10293216649417582279
964342882960122435
1826467418488014573
16961556416012259897
7692927169773799099
11257589692556236283
6158712279628648533
12374571990205596865
11145543382345893863
7674380630676194907
1161889926456515988
15918033612948195088
1768324546557706948
6902824976953655448
11082177167778276483
4957332701402846045
17883411826733964943
15230618718630573093
4142569280741118799
11333399833536447865
5542925506524605016
5126074724393711513
10748262912966192752
23966207871724789
675294152639955000
2321700964499821761
6149069016586115398
6716029826034646642
14288922223675122539
8333203165708211516
15770488370385090660
12057599987616659023
1608684828204573558
3537895279723281182
3781177955844958167
16109343756322549712
13593394206303689092
6008811753864915642
13651843578291210716
10037373778764610589
17408140887505316300
6433997124842794073
12579185799165599341
17895434570803906290
17698914856404988249
12574607778004211295
15012153139643959749
16478860960176869424
902327262252032850
278918342075017077
12419011010682387669
12313212603905966736
2034708189981939861
10742956489102431589
5489765869708716082
1067045883470063850
11356693020156118935
6838166077824405589
6203847892262233813
10037925665121388492
11782245320398751120
679893913021790098
2759467903449816832
16326884854554538019
5247017386448096717
8161885072491515377
7155725948686245262
13549946936969405044
163514835419077824
9116172963876742320
14345187581492964275
13185665940621477361
16759009798287196633
7652360189345852313
12720937630349139796
12892595562032756016
1488807760803209014
4498250934202413459
13428973228478737079
14866597288190984568
270220566374006403
1962672359164880754
140876512580784980
16895804930740001382
14621019921576073485
12148844600855669881
8703568442112526584
5046517264003831827
12282608752130840389
13352680270250619895
3065684442018909302
7854373028178585865
12416615345796746638
2968800308690249574
7856200732717742635
16524393354813685290
9547077490819393104
14099185947018819652
6024927452853587275
6112817485963138891
9457519300318423501
9873333984648548556
17255341657824206413
5425231768117498927
17016310143794632073
3747654272091763224
13670948842154740407
17549665849495432775
3695113236086173850
10538308243251793034
2526776756968946851
13212420778031985490
277964436218498828
1692710085763505372
11384349401688047304
11647231790093429072
13650280643520932754
14843614793245129734
10728874585315418915
3469281671113552194
8269481234872732298
11633938441250710173
18223750917399958519
18106065147810072908
10324126887547234913
3339733780672297811
5844247194308697408
4206483378031800041
4361945982312673887
14631936535443890280
14963687566818942384
8792917602019489228
5615991230067093042
5291430489788414896
4966050106602440376
2340903054170059663
553845398280575368
5493573643138901376
918141869749689080
5135857612737531491
8593572260426683464
5445500334064019269
16668765019169008385
12800050199966291734
12158028886850639866
9294132827437339837
13227146754550101320
17925595995288925778
16938558358826078250
9360130186715035425
18130336348538116103
9009126742301397834
9933728341942070899
14418460542141113429
1054957627515196915
4029358614659703531
6265365444408866583
1203996981406123061
18221724646631787097
448648891930594969
3909765939583161350
14474586664168931308
7016986396451902666
18005392843387969753
11234376129981096592
12237628813318649862
18145310132547705237
5280412852557463681
14760890004317429466
10624072142416366267
1303868893465049885
1618835001900449193
10393967319870921378
5561951883844396448
4193007646527410575
8692318995581061393
14739431692189092197
13456698917974068036
5822237553071879299
13085568505763382468
13669586561635343028
13701960404856114919
13465111972487577366
3717116233166598933
16148291810816156225
4276658591886016590
4680962722947461780
12132122085551773526
538495819614700662
13203138184003505100
2367985112571864882
3545120088086320169
5212985185028178464
2688312630372614627
6459151399245735245
4151980153154920681
1107785258577593565
380919616835107425
18364498792756765039
17804636863237606522
2914840282931884529
13537982008798474891
3535316454919865242
11902782569125522685
12695702875145621092
5100906114110613265
433086759377920187
7059272361798279827
13802205148349083577
15290569579152416030
3689156741788162199
1136226390776994959
5093577763758783791
11900288381961941773
11327600696115027356
12212911319174546006
10151296746376187535
1797607626971022709
16805186977528713799
11090457110289012005
905867545791021887
879834491834328115
2968480785212681665
9501010320403110556
2035306337355304794
17379775805869653452
16121224200501922105
4444241662845140727
7682424448971249123
17274861427200742940
1862630546600645095
9592041084426056416
3233520561929210023
9738491235490518796
15514792132744704037
14244090645859377179
2951472722475439642
14584190132337443687
2082165316024708956
10101690559477000063
8626636633343412384
10488028186444394945
36424794697734131
1004309275468610359
13475376842990177020
9826957308334229024
10442402428556906469
13860084735285763973
6643226707936138308
18049194224336320347
12995261416004266450
12193635395567627236
3444623410166635581
16520646772275085686
16613901001868083320
14651608638238446320
14825515647806660697
5987867595435788149
5277300064705624901
3670259343246270344
16281163266454208070
2831102741184565128
12919950904875950745
13980074526957047495
14257939815600934640
3512739104993744027
13239291548277954595
9039850877619784064
12777256031482077473
14579709170423217385
14361509409615958583
16302637747828538191
17024279194395775292
16113525364993253536
18368099072330780416
5900373772205242674
17413545494014016724
5325392917992816174
12649022041569005790
17842208201563708624
5345526339835767505
9551332640895573517
9284876831453865821
8028398187331255710
2546655249301490371
17560980037725038228
7581131607334201456
10110651002586009586
779669649488527169
12816266564089119724
963404086178844963
7888456429887005673
7431324756756388746
16068445275293183034
9374503830587773131
693998198778893957
14860805492458275154
5470011478369361596
12144249260852700142
12803835021274309165
16599080039587374445
14343332861240774641
14011128757852231227
3251204718403864481
5485929692758267378
17806203943190616649
83111584912506554
4924071805991459649
3168096329702992956
13207157538687003544
16807121109263332045
10432329293255572263
17875398177582283730
3165123160762634430
2841507504921337367
3725498904277883759
841283136019224759
13745354404678589029
16251173913919013752
4232872711608296572
13620139263793246231
8633793879703222492
10581928697297860367
2301744684500582155
9547713215885840172
17586785472840631750
3254447867287124784
5540688958517936962
17092379062561115123
16648133746916560840
7596747118489774027
2613567761582996449
2318556932154379673
8869669339150772123
6537024854165709236
7619278866323152580
1407929165340544359
10305228090151986026
4285336803510005922
18002719702085625021
6215443410215855213
2509855550455247524
2058813584640079451
10430934248817080125
9579008900089138253
11930194666488291088
6358941522409732587
13298829967797718038
4159741477342536507
16984285735308582094
2389736972639189236
6276387480588189720
4388576399380685
6897510264125035593
10574327856665781405
240676496003940891
6292645052960733322
13946237096562745829
11644960651628794264
9007586499027861841
4456933705235361059
11588706512856084948
6757612966573778980
16462679601821362854
7315182774027748916
50622474628384324
4269714142048992923
9541395444756165317
14277573864183933250
6019502278513864405
1987878181523563145
15453762008265786362
16044031370654336783
18149388453160448929
5570250594384792968
14951683224102102736
2981091502679903956
9340055592457282393
12956574952443598947
7118723450732137473
11202226018269863279
340918253476318918
6966265876823206345
17907014589182925192
16259555646027961811
9999143870769529589
15722994756378532683
12143897335000423305
14230237868663086386
16518400303377693398
8805107406530716091
11405568328619573675
5843489902729500228
6629108957761737707
15750876137610861337
9074967040632346726
9598123420280224141
14406504934450856906
7878789973482471577
6179983537228494660
11570926884072502525
9664404116793270185
1860649206830138417
8773277517162849353
8026002144438216
13214720380274794060
5850654241370393948
10208957940582690543
17075470912754279778
8723998259023563353
453026135866384778
17237419650877692619
10605777374266712813
2246407564869791518
2277134579527410713
5929366649700644686
2980434995238740445
3567925957893203434
3038704340209908417
11764888988916657997
13606261790054672420
5530690660068059453
1124613398519163665
14775097231295812391
6588859176809935896
550695927154237719
3302697600517607170
16750557106943290866
693127606559403928
8140699582398243983
9502786119253371441
4033617968659340058
11588710035956191800
3280694610576086170
11366562282139460513
3638781787950556042
9322940846780242720
905864002931022917
17001887511336880988
12619776672301135759
5665583184711208886
11792299220011979107
10095085422522141660
8113728715545107517
17375407645815670120
6697242870204496684
16609615352867174992
3295358698728511865
968506441662876588
2777604744163183537
142780982803822982
15403451745048873737
3160838605661572683
1937026335510509703
6771965820324230807
12863165303163607563
12419615826221730917
14034401746875562746
17053813747176442723
15623224490136010495
1123478063712005150
15104594670132148465
5919757164389727671
8186766747348378713
7587196057669512549
11887661396504198577
8790704681426355641
9705016479941968761
1342336593111386837
16340855229978034074
3560416660856395623
9872869324714094657
11462029007426903102
7990597269764592513
8337597040119194073
11809031087902604500
7379032605605425127
3643383259207512873
17355742576264256451
14540956039639403925
8654078445592057032
18292980182498021960
3111715104741188509
15551282587477257220
17233348370370941465
10858355123536848678
4303908534183477376
1399197209124793583
6767529054099853091
993328034629283589
9264288144498997754
2036688045653340904
17717390498672138255
11290961799409383423
12127742540093067625
8666663191541752288
10473854441226968354
5992777965107173643
4451610522364667794
5044340984724795508
1624831659512962706
17084863830536323916
7920756933450507354
10683721521885512094
8315495293474984083
3910527863743754986
13728405536299477374
8183128783066276616
12121302179602076009
15380290501457632409
11051833706655235708
17109569716484299006
6362481367097739612
352432343576326983
6819836586896713641
16567203031226905256
