13096951594696438242
5568837620229329220
13138674738372883839
3181400971169842821
2690771218218786659
4188778778195333465
13070298409061792189
1738804073614222754
17671886061142256206
12499183665384442945
7386633559709620266
6262844931273688471
17244354535406448541
528360353964003434
8151749453815607118
1679899348153198886
15734167869235909763
8901984671378213584
7095887638384807515
15039528835776227054
15260499749453471173
17664339049484586024
11379602789449961121
3737823577335619421
11383140309944587545
14078029578377194989
14104722831687051462
2859748621026462152
7700017390778752141
6114887822509936994
2491685159778084759
18365938531914857625
1044179012600523382
16237253826385985713
15720898261949991245
14286278653215848399
648310124832204637
8533695220565295857
12143222743345178978
10893514970461890838
14411638299750770132
4142282274655854651
5289458270094537074
6793616669222872775
12612369167175487826
5529598463019305492
8564033738242116364
6929192380428980876
16480073809352685986
17493320658394176327
246384884678075795
7659820048317236843
6139493465438439828
4895286771206641262
14184004557007231683
17871284491567199529
10888765063316467934
2336198385589416730
2608098132978377392
3570692450162844501
2289716276157744512
17145392919420042275
650824579338046910
17509125633517397067
2945419057809909494
16523966221111627854
2973718536478074157
10124914954151354183
16340519133677614684
12145951687214525160
5661285429035152308
4259018499595018458
16623214762910086946
5077769046455578730
17581882649221132143
7299186673765642734
4216566185204907597
11166480752609708527
9111544941205643514
723921801243419012
2453639576797756927
9569631274498163855
12876891075792967468
1909935902605971219
11497428537148311907
9097147787520880063
15551641324390109484
16210988093879438273
4372845158468712483
14476796322653152957
3156540391284909578
9709434487432144896
7739923453397959120
9895576661788028794
14270320592223513724
10405073177409036348
6278114867754562324
4696914840262267083
13126401753803053586
13428904642321236746
11411976636232705294
3947282369064286477
14905681264955135548
1145645013366465517
5650382103735605716
13908356819973487306
957028756970419705
17736172794517311456
17385635543814072709
2515495588622016053
2059804531202036249
17974076646534946200
11489383358204900722
10816902043459366017
8410815921305485916
16534421953005784603
1513235659337105292
6841614854710576072
18239954257864320493
17722311582942325470
4722666358402653286
13234143726511811563
15171784456497565858
14192787134486702070
14439231515709614147
5285605940028662019
2244236559508023591
4663068374968020750
18324679365234758888
257543168477314642
16336899332729136623
17177231362394740232
9111364816535166328
17222598178323962631
3837506134356563295
2315456968655780336
11280875111766665750
5256628545108155414
11293691586186682248
8533289243826136318
8193939680990675607
15354924948766371756
14875367474416815179
17459842825700976474
14122108463966198977
6964941531633888198
16787476516257060645
6352742092069178748
12910443896783749281
10024136013687027014
4466013907037699708
10865070157526093484
9687248630666096699
14796870263073448617
288925591231518287
18033179925801188601
14218032657317520214
7355741027204807732
2669739773241575710
17536423340035096300
2555137910779489996
11367163041348876808
4307432130238138080
733717920852175616
5825030806114458931
14520840196055226506
17409079453478814626
6570200523397674813
8701807411211935858
4060379043308949218
492662427210311287
8554425751150432093
7361458915973987111
14546549254022682915
2554188208798290447
5507197513171323087
8838407510382199306
5579888970766856151
17505074989404798282
9739167004463389066
561472215489760588
17295242863932433378
4968605381476060039
13262051504859389856
10364022506440792924
11479468688929871753
4297493857153722173
14904379613421322135
1131271541023384955
17396110088067734341
14572326841419051208
3049622567833661118
11704265879906564157
8432320835933003517
3308858600003090588
8331827949927197806
9755852217433228696
16853510982035529771
7340036316875475274
6848348885676113638
5103894991475881493
16354957306110833830
8087653652091882967
9747489286575370986
14022212389310216259
7696902699297442957
17075845091288983356
6520563401543782887
5373356052160602496
17670329018597391993
10064325964540296746
18256566958525779991
15328574179639653813
8964593178387875436
10013934968201543083
2285262467781838212
7669739281242122175
2743082007462727595
2619631595970624301
4377023323405047514
11769598166374977195
1631781133116759409
11045344877444165262
4939959041646594976
14389057922302717609
11739335362540263723
3448255376595828047
4951196900317440201
662039193514201118
2124877546844047316
1997165313860012099
9336080117605508
15064130340875604214
5697952206192363085
11060170532425014473
15643322981736046201
960671721029770153
3507541347444016379
8425981733887546291
11493203138071981770
14214030125004335983
3956887898189400128
16339106178133901573
1515272065940198946
4958246342197207836
11437829754805006267
3089097861044229280
18144443665054494859
10028562457166240386
14431517741959219155
12074920765925820557
918477650569905837
7765273342817293072
2678727779192884029
6984938100788275065
14875485764387363955
5009254244192804111
8476181953015817014
17973820195306289018
17020452937776571470
14994655695573624842
10062209680954935762
17910450173243849906
5329694052935788600
14115360353484651624
17104344569824901737
5023002804164346321
3013019301698878917
3357858369875575476
214685417800649722
15807890081813083389
6005152923806529502
14183342679408323295
15864139148260679760
10266827927353568410
2638284250374378250
4277799337618960132
7258736779443041271
13105900991811363541
11587271946962535221
10219488940714777981
10230046894113141176
16250860426101903056
11117169131035581995
15971583505424214855
11086725873041044484
16424720985633227270
5272627221106198624
4660641764441197691
8217909783691743850
5668569428837369965
15994597274174327
3484732588957279309
17330674751165071648
8244904420594620289
15556844264448880730
7404661569190853608
10132304710876437451
9754010345871095212
13664329968645588957
9832289867979246193
7463120376995552994
12250569837344230143
8612287180416313298
14866389316416281669
1526299692823198872
4402522315367351979
2812496843814571066
13871398985379192303
3797099080045255969
5980861308531521837
8976109312733551870
10025462758269648508
9330273585634858267
12132944263639910750
1175662164279824818
6940650920606711906
9342803531820847050
16362050699476674672
3804237610202531062
14567817673061871364
1539624717117688969
1491901961994565955
4759153642597640102
5903547167300843601
4561928523425422319
11700556986431587174
16532528848253954359
5162748076963881628
9550031564244123497
10914603868748320927
8385893956464918545
17743936527510467272
2332715412566415416
15827902336463962316
13182063484351536289
2260511221104502116
7292523990074628435
10024320399737501799
11696749984042815723
4929557523127081668
4711422742479166232
8866132627617632324
11687465519058740878
6156784643306755807
9652224872307800510
18222372239158432168
10137702493303724738
9195827867371816552
1967680485250187848
16832179019118604724
15655865527335949264
13010049540705107620
15256057476030444684
9507019524811143053
4337482049462386574
1301501605825198674
7056931937972730357
15948503218817599973
14584809650803476277
2535491808840274714
11106596155525382877
5781899499128694015
16741431008360051679
13771443339059656926
1808264186822173126
15130326310391093820
1461109292078066328
18411233908795669098
10378146726755305329
17067784620070655577
12764675275835032812
15675735881240806720
4626332846693176642
6856333774522958602
839215431073152642
12857282808594933894
3366292761511386019
10936401364881292827
16524890831044692609
8242957852462486831
18096978701528075402
2541390232175522601
5050493614104201798
841051926102580271
13933170725178190295
908069472269190049
11258967890209229428
5818255512267456089
574737090433256821
18081656469848414539
5435924030608524849
8423999186419806700
18387458969094079336
4491834794204246584
17223888829333120701
8986762886140990343
10931605728961751012
17972994734871061531
7759292856959969872
11131130473461880301
8630084716194986887
7630536064934861776
12166417841656992192
156969219468735058
15810340159749787621
1581439203210323235
5695393992620165270
12148485722541074809
11446877253516944903
14998784822156827922
14845591806779069876
14531926255745855412
14895355814156515938
2994943792889259610
2191293639331742613
9164071951346155713
4126877858174654134
13007097196665726170
4083880724128596227
3038499342506841251
724532696591693414
11375898784926177489
1179774037610943470
5293804899943351075
15760226286042053214
16641094623138234807
15300401224653627104
14140647676107789009
4552521909849795927
3731224530778640170
17321514081978832201
3816113873299727745
6948528432321106923
15813825973854472247
8784152932710895271
1444511121770845097
16809420351824455902
14183616961815735456
6785545351988361771
9948738150283317133
12662434637480906605
16437641278368547704
12724857382638637082
7696799389377489264
2199254755008371045
17192886696887237650
7153904256836849570
9682299933481522612
16107465888256048302
10165942385056036949
1537528438449997955
10799464207351336098
6122644789004627526
5794920601829958257
18183360350606231808
1575265756182313430
878692411437207605
8526846073969116146
8011843413714437483
9589413594282120577
12060383589066523427
8509079403286162696
10578158071308861634
4600552719255825821
209650669606436787
6113347436310307519
15456605595556761639
9518915747697501480
16946810863413118891
8818976901887707316
7664687402774746395
2900965024381602352
13284525976362185803
14293023452667501310
6262766303156869106
13762424474095094653
12740245823419875070
9322848468274399770
15980931783022794006
647915463308098989
8177327286272833866
5289037091064940781
10536783855980965065
12864934913304067496
3588752597937890148
11820767939013666949
16930909128005224601
7887894353882537864
18383815392623042808
12102275910528037337
2590282721383832514
6189097353969714154
17225703685339925738
5498777862894950336
3715689998132707172
9937346034582767207
806680264087316124
15763743961535573725
5700155938881348146
371907342659080804
17008876407223095598
3939480104367416986
7761907208203580418
17267623739933634259
13769859004686429354
4402546041819627819
14734151297263767402
9389395805198120029
3867574329841550037
3301059368882545532
10511448173126522118
17821440158621803217
16855378595338430546
14443476337167194386
11103042497473539807
7325700872595380756
15170922392709147138
6478598064664987261
3978163537915186296
12314417025772646253
2768962881773294495
2567037585307791423
17005445939801190481
14824633613157175775
7936631147044514678
5562439928505497167
6884445158277165217
3343177173797762070
4466037392402360724
7925611067070776144
7849501207766848079
2170836472492427153
15458894046475693796
9737407785634261315
8814126041524826177
15036378101928589140
5701816636900348464
5342344126222621189
18093518050818393005
5034962321949008145
5089253160235058254
15094722705316557662
14726495125379967384
13262225895073501994
12984604329290790116
529745637347750335
14599966956900174616
7143453582992217577
12841169335178124440
5491890924282484000
3446055827819335406
5007844553229526164
1485754089344735820
4795985054605362510
2819293273015218702
6963752584538302880
8645198326547814071
7685619563835536505
14628067891958508283
2811522871256292019
7130781678864496552
1041554927394776396
1226155101454881081
18216304746261302045
15072627494889866910
5159119278895381042
17238818933648881835
13478248108539625721
1241665584123839188
11436656269387017535
6986326405580570496
866207276094348306
10329575010828708367
248052964596974166
1554341433730874164
13242059920416865865
12273388176313603889
146643332288035312
914528381350215302
17194424438554353719
3917386801682981557
4958240240157214285
9648432940698188874
6739323163206079476
12565001652128232340
1375497386338309036
12615475193624917995
17958672058724713113
14357370924283140280
4816919915800657764
229795468187861812
1294887487708691813
17399174093907677998
2142634248240020991
11463229064297708232
5920580984293016908
16169127669047980327
11568712173141665560
9259566441484084301
525164034060957331
16758412185432197246
15003717638696838109
10161331802784486870
17147945729688377028
6782274576324677191
10755205100137006510
13332402945875840751
17530187134076660293
1798313366408486153
891800149457176688
4396716887609119886
894336480324142468
1667548340488643198
6199057096912817301
3729177414214871063
2911003295853662293
8278028235444153592
3959014480874086008
6995091410181618743
13661428688902232362
10505650299286268698
14279973308456382988
4872711571449857403
266970349612176851
4272505644861061055
13705268397872404579
5111882899132723826
599322826218588876
17528566102064696042
7584623537613234247
6768439402428342180
5450676943658660457
7462361872002647325
18053820336687937922
10308461068807711614
10730323481974696894
9877445804712238138
3744734788184499330
11324145128467916423
8395044053734233491
365392322812478564
14887315780003068599
7928857182465700445
4068814354988456369
7614720505684629606
8624312221008481882
1922336970077147433
1992568403524122982
12960624653393688984
7045228204584353819
15929194335820321803
7170702016317026066
3000180090536652450
14319739041205638600
6748529839118096160
7422010973962985874
11859201576250078936
12593341869932969769
10303649172330383385
1866720630876048250
2931861930217501706
11598507865019988103
16635374715312008114
4680457725952705362
4654521119528300289
12555155835274343311
7954257708536198082
7589125755617515807
8230986954385266023
17415829816333194900
15583104855793956328
3476872144132028336
6532447011133189507
9702436893742022701
10496628752822505846
13590743474081858434
4506522931724483123
166486354914181138
16646076834959710992
12345079197374196297
14563507499296977620
4123188321515786525
2128419315497674346
14257383843276372597
10050857022695816908
15878734788876013228
6638137011992941726
12982696519440533786
15134377977546026592
10934223767092850582
1331960184555973458
10950218837299927418
8087184057782492373
6763792053494598002
850679981645638310
17830247029327630275
8594918770613694118
8721444008882501217
1164545316661908205
13274099864137545124
10464367179871275196
417873083213380183
12482014894119254205
327046848849969987
2959559823885035873
12044259347416322592
7141233555361834291
7277400574109093888
13150038153558891991
3911430030015498325
4444030318748478851
13522677502064053364
6644719738374906491
2712796345918784929
12747269184790814320
14146093119292676186
16975242677371180409
1560671240562141859
1224697743312619621
4597126523283510636
9291595131203050555
12878619978971030708
8663562257346543075
2938868975467048631
15601316600541581806
18425679478422075438
3959684403711874996
5623147611018302317
13923875842972509970
3742502507444250759
13484159160858820004
17097721609466480861
12081918000434861051
11266272071694574372
6158366287665487918
12006843644619176801
6438561913950911439
9044586085242982625
5636495548750029129
3066555029052257402
15973202831435146779
5930174755073357362
2422273547457644728
1049937422881491072
3484209816254887265
14541922398344704621
11664066948089037643
13223806556074444538
14259400459039998101
4502665904469959702
14906047768198451332
15066067286115335188
5232439827747892971
11635974141427995455
8061240718036396793
12125726997091236296
5205534007088922277
14066529761477458422
8815422516976083950
5471516228997389296
2614760900646148471
8768963643975764430
13629020307589498675
916795734288879455
17204893939423739830
8343350622722834205
4989709424728580924
16537285294800764568
11473193429901431673
11855928060776165941
8921445036501041705
1460642904244567053
11417242866605155588
10741416799899533320
13066710492034345994
5729631960942140815
95889555409797932
12210252852914820961
13069111872329598497
11301595810593033833
7494943387477102649
7432059105772075736
1508329025441877399
16553181453674739762
548545285137938891
14537559318096942863
16055831913072643076
4256376418358305522
5308453549646381033
4351729378145464224
6060044470779595480
6086814230469442712
14371793815152211309
2302236898114555602
16561097675264877310
3497391539042061096
16870625968625260108
18165253059164842760
5120590929974993618
9937359999841180244
2324934858365253834
2217531721261228348
17528473149555745082
4619415072540760713
2365744188465397172
15699847166482669924
2470214684566990176
6166678841979076817
2396084760996551803
13788807009464554804
18267783393752266786
9030114722778253087
862170393395262035
7480147832279730007
3421508943689654189
13116409829034917977
1768162613067421104
3107116931349946765
7868551798673286015
9724921005535434899
17435445575382497906
1941228765338704129
12458638821623651334
9166168800315028768
9751929076016468681
13460634334573472509
14785284216641624304
2981708422254484828
12956119784895613441
1746520322516820705
7618630692657934881
17040267441356105565
1898304075955987436
8310066374826093691
14106999463843073235
7264706880839941038
12641447944099133439
5961475823103824967
12266900002576912422
5888871155984387055
16133630432354746622
354074604003599154
7799679992157709927
16611734223468423863
4349383934239785345
8813412305065204003
13154958817738880999
2375487878676177427
7412861608851581271
4438493181190633743
8422365272126742331
7986522055264940405
3424222994764447129
4315313598811056484
972160563409128931
6059413934998431306
905431235586657794
18416513946711481195
9756639120072174427
3563066685583506803
4633083972687993937
12733882204676523122
4691051260868540061
11661789233944796526
1787713533800769577
4194718159683594052
8122793901909808892
6420656743003457554
1718980128315328474
401877947437989624
15198143466629420245
12479758742710309203
1750113671021607369
1217914232950553637
14319098638449981038
3265639199886754005
5677877122651507729
11779998458444638947
3847757905853080219
17828855130209891832
14207981505100985302
3528664385575648847
4490040102784221448
6363520863577768048
5635665800322179255
5297437976648141139
2170842606385133623
6889025321950919542
15509933787504647788
2929671270754477070
3756854787838694473
9785886705089349881
14701239332644021371
9567742456215639127
10762642282388391300
151132145605415633
14240759078971754809
1367717051856319978
9158655659321269935
10533520461033959451
18202551151653081853
13655385633551172049
8833426727881818528
5361408332054548469
8482198303319566142
2463782760572649885
6467217306969332318
9976378349429338277
14430289037774234766
17857442874045307645
4262412807098907187
7750131426025803009
17557144345607417384
2060736160129834617
18144054636302765146
3564807044018708187
11925819263968038615
16392291460999944738
14080155479794760141
5701861684846556453
2167625190413745384
11512853141721788603
4622115784109554508
6562928885199490416
1406303156467387091
6951169979426132797
4071126131438215698
7139778514592321274
4355767112059368599
4913233483747047327
2066759537155590019
10261069157173082631
2966309891456084776
14637004178378079589
12675725855291157016
648924991721290963
16240587776434117485
14727781880836149423
6335652564294349735
14290517145889999373
16934141055902386141
14405682429254223297
17950560318047479648
18075070941047092772
940919421517121878
1434590333569116515
17055955500494450270
846211089027350064
7772436774577483514
13332934000696618484
5615143430006072608
14828152993959892250
9467097941356032214
16006571291504972630
7973317553051386318
9324063716803045458
13057424897158063203
9288019961990945414
5740818280570078291
16927506000780592691
16782784606449205343
15933087276406618367
8820929669813806303
16092540219150401989
9508551815909746530
15927557005730549844
18411426912156421221
2996847635854270265
10026754857541743428
6374128380341381078
1106252196787803230
5859401261162554032
3348713335231010841
13966766430317524508
7161373787720729642
543384974958611433
832686156692214323
9465612447650114668
3484654066135141865
11241215939252169422
5090603268670610842
3378333099868802741
17664413843829342503
8828264932709880244
7675131750238776293
5473605351383182878
13466075727328393333
9699352198922929948
6896321041653792560
9812986306335760746
9413254128607426851
6419875377005796535
13018972198769241309
9288201378231047942
4804204128352396660
16096104480337049150
3478675307699469166
11915082584184985259
10073118959651382914
