3750179344
4113429815
3093101146
4006883936
836232659
222679779
1235748050
702877776
909969349
386954700
1777242391
490531486
3834170675
2631947495
2000043687
622857432
3594161116
1120191455
2541954114
2049878449
3006685428
3825372592
4097910
66811592
1451334751
1139812648
3308350709
1345790525
3044259210
1725695825
3394814574
3097787395
772129119
4276364920
3305863351
1875560594
2234618709
2811457814
415418920
1965422479
2903611490
3640154640
279964462
43119978
1150230618
1589746985
540901374
1295829958
3496543327
3773515658
3469509
116341517
1180706460
3005137004
4168478137
2224003901
2283142411
3934111881
4201368357
1437629179
3226636963
3182492421
2277885695
190089974
3692060311
1766287357
1370032082
3176034064
3297110974
2245079598
1396122074
1872762371
3629692859
2917279305
1753502964
568570994
216689291
2191934439
487710928
881752628
2540122635
2108218849
2438066846
1493679574
4288326447
1555258897
4177449589
3363983588
3292934503
1571330063
1492945236
1987795577
3742924208
1382774557
1429730340
760002763
2601196068
1190199527
589198027
4233265685
3121484914
3540555074
246320219
1382548248
1902574756
3096950127
246749236
1407358190
1732209645
1822310712
1634599521
31194731
518090703
2259650330
2566616054
1298448116
1453255898
888523871
3198147313
2135387068
2488728724
1677186849
2452409258
3662328806
33448276
2042453610
1038620854
2660116819
2650295941
3457365572
309524620
993376432
1015258116
3685336453
1555518247
954257716
1578042291
2701913558
1662881462
3176303293
1270069151
3539929507
2860570083
29613876
3661350423
3158234060
3959910608
1417804990
248638290
1829451017
3762183265
2354517760
2093533991
646094461
1347227628
3842666461
2956421845
1012988183
2058443629
1200410204
1873004693
1078122448
2847879624
4269432268
3448498259
3841334199
1624878881
2487565294
469793003
700909702
289166275
1819822240
4138712842
2226277628
3945144339
4209797390
3871639839
2284315149
3269336735
2079682097
3098025770
1428380628
2918894950
3476682332
1820538331
1210642129
4191020404
2821440189
1235260181
3945368246
944701561
4126462927
1234671716
1716891126
862469611
2949776294
4136009571
3059249414
4035313269
2328158664
2861203606
1566943264
2050324569
3499066272
994923905
73221983
3522401174
55651573
710819938
1213196712
6579143
3322533560
3813425243
1502530659
1513149708
3029469591
94045041
2784971672
35497699
2880554385
1678054721
1146548900
879600807
1464069174
1489984719
3064098930
44588079
1055096539
979410674
1205496561
2009263648
1074067391
754388683
2984419709
662898103
3255662429
1843257335
3602021168
3153439265
4262715407
2211257339
313567915
1139933865
1919145566
3322080774
3150803199
1925680697
2262182025
2753242667
1149475085
2597857265
941252441
604606598
3119276051
3973817791
809195572
1826634219
682831208
96093435
130618998
40421640
1621164845
4132893063
3746529211
3288557605
1915095782
3828254262
2898125966
1538038419
3141329482
3228049747
3103277602
4047297541
1496393692
3866732280
2954338537
1257828237
560975397
2822077205
3012458016
1706713935
3493126649
1310107123
626213773
3947278943
1133235894
2539750833
585812432
2396212161
232082992
136988792
879534271
3315797701
2485381780
3575211080
1430892863
2367136600
2882818395
3106201470
3744624234
4263880622
4161900029
2873105333
1184664446
2595716162
1592096647
1592694226
1086789627
2113045773
1482637170
1561872351
3614678907
2372573204
2090819938
479217282
4110236530
1720182125
1658052377
1280684560
1251074141
3638723144
1690987856
2899025460
1057454388
1561230867
2239964223
1603011867
3416406051
406071750
3623923861
3464372240
3373906577
4083094863
1900633777
4270311208
4074627077
3740629842
233178039
2123616722
3798561951
37464777
2644968083
1628418779
1886041609
4161594471
3041649236
168208432
32584042
3674150177
699743539
3647540676
2221695747
1280476965
4010148078
3823761114
609012482
1767056829
1421361436
3007193098
1329517267
2358021473
2351580198
2834861719
2172944593
3747471391
3202539311
2908678384
1567366132
1089304429
734647264
1596952976
3860401133
1057581549
3303797937
66054026
2427319486
1170163574
3219389682
991470101
327977901
1033444722
3841799401
171740846
749860310
1361453052
2351331249
3652125580
939036614
1200432512
420350627
371119433
2253376390
4079907555
4037665947
1416613788
3438378115
215215928
1325210357
4226610963
855014591
2788828139
2946349640
1785093804
1540854080
489440661
1014521175
295533743
1096588975
3956278870
3438443684
2741880606
2352925486
2225868756
1588110022
3371275595
456891264
95781513
894917141
1514943453
2185459855
1332505917
1885325688
252656795
732141202
3808386335
3464367373
3544044405
4073751890
2003768207
3858662573
1270077443
3856625125
347831490
1397046626
1759093528
2406625157
2011877865
2793542530
655655237
4094094896
2934139816
1725501712
1161170799
1972134153
2379565319
4019904218
780312764
78479954
4279218616
3532393046
398587737
1388665072
746376932
1749133756
2854123507
2079154856
2763577990
2906972346
2977487846
1762826751
317843110
3954466812
654583827
1121568601
2875185536
1329289582
2382746331
3146596940
2828618193
4000053392
1121138127
2820546258
1887982944
2089377
2193776038
2217737943
2692542524
2882814019
913210961
774495860
3764208484
2455877653
2643741624
2833042643
2098996949
179601445
2454874558
2510024299
1963792577
1940791776
1293540874
3947403189
207089447
2503412856
2972304687
2424747490
2720816087
3756747210
2116535418
4203542267
1143261279
924956468
1670289855
1146297163
3093089940
1571519917
3218986462
3631340517
2687131456
49929894
1119884859
3420123723
508959387
4120618346
1338307899
1210459815
2165307486
3400942033
546941013
1909881111
607014345
959450597
4224674264
3283329287
3451522666
1984547134
32724694
2457369427
440459540
3701574914
436676610
2943406565
3639672102
4178789202
33544783
4258122480
2957248098
1055124856
3885421060
720545241
1018774161
3735526980
2351178075
2090578168
3672445573
1111132580
1693515832
1186993432
2356838306
3583894578
794856455
138568805
1388111733
3601375203
3931640869
309422025
4253675143
1068060268
4052535675
375942335
2125307042
937033988
3696007628
2708854324
1958352143
2485269094
1473572710
2380822217
1205433896
809225032
1522241448
1640923558
1409449277
869780901
3069493856
130076919
2727191369
3352009438
4137564793
2564814621
3331083806
1087071341
1158505665
3365751755
441205660
3776658304
3345600356
648362513
1924970788
1870212934
1057356876
4128014699
2029185556
2480301248
1776426516
819826303
2206135804
1322752960
4209447293
3573876722
646193274
1129045198
97867541
537358018
3943146416
3715482790
1352398016
199165344
2023143666
3624142156
3734329664
3402615386
3816950041
680796586
123499039
3985655579
730226428
147380180
1530048079
4229202506
1469318384
1587290466
3106312528
2930874724
1929202330
1810671767
1855377570
2273127203
1489613414
2228615680
3627561390
3328283132
3075900472
219589998
1216350212
1893493806
1798178345
3526423483
4195725158
552316693
4137234573
460698877
3557605339
759027914
1543730591
2137830198
3848069887
2521950989
3141043289
408489464
2077668994
1956114251
3058665757
104486499
3149062650
4226602066
2872985322
3086372723
223633594
2800731922
943240074
100844228
45838023
4018335382
2215214206
1051683335
1163196896
2543194960
3774718798
1006494981
696333462
2336336134
2945236870
1505463658
39014678
380222699
3191240932
3447082903
3472872907
2476125061
167092320
3198986450
908350883
1746343212
3059369195
1075455150
728262711
2908120933
2814740383
3426192396
1265867066
3512330381
1707644862
1606210226
1879402395
2171603848
1122754850
4013479150
1410212233
2159146372
1901593404
286698638
3125070157
2924043220
4267482534
2452543764
354360537
3442691522
618342085
1531007914
3418910582
3314903556
248049895
1447675353
765190350
1212687079
3748423699
2659571836
517498393
701565092
87021464
2515751307
1576147256
3296649173
802535629
2766231181
4184676172
474313017
2671756533
1640628889
2629674144
2856270793
3251583203
2672160377
2050170454
62936164
3451702599
520349215
2681274091
1276003538
1382930396
3261191287
999264712
3840657743
3559192102
3080494617
2538456816
921064626
3695570978
3939036264
3026551964
4222096838
317887105
2405694542
3179660786
1864660447
47543235
3162909904
1819317132
3299222874
2657981429
2319967184
938310060
2640262984
551355213
2046532578
19802825
3614969433
1531590785
2201093351
1659115351
2893648611
1154590001
1651304595
1398350309
1198133602
3370617210
3238120801
1090487813
3245909335
199440610
1380080357
533627104
1704837058
3743948432
4123553266
733128523
4218007599
1928338933
2519311082
3829556737
282260319
1410019953
3676736105
1504061073
871163097
3909865252
3629731439
3119272899
1274472717
3246061222
1805157910
3908227700
2258278582
2895797274
2875353515
3985610397
2398069037
2956009573
1250792149
2914891227
2807517746
975126942
1475139319
1503610740
2955607211
975716718
3004761700
3058779035
3422447187
3679764033
1393144860
3587575810
1869709998
263306717
1338810696
1168776280
512198807
2922584963
216981831
3378963975
178378388
228580216
1736253987
1245618008
2229530695
2184396741
662767530
2419813086
896377314
3383622475
854289762
2658462769
3669565947
3724424836
1924028492
2846482372
1181077920
3493767892
428176058
1857554611
3043196428
1248365806
2112641652
3184671913
3637095182
3633641921
2404336255
3062828502
3990813963
3726759843
2368844557
3236950496
2266349659
3413558537
1061754427
2261196698
1644139211
65146607
3760316416
2424009651
155523035
3950411205
2083013787
932533860
3289748048
2166659011
833186681
3915654442
4138371463
3714791017
881711222
1809294021
1191642352
3813972916
715258648
989509583
2663074091
1729245378
2586773660
2672915671
561571920
3883445220
2229926608
3861538833
1154650487
1859045616
1224443110
4126521306
1080560932
337859900
2343532257
2008499604
3104005731
275102649
435213870
2922447999
1381054448
2908002709
1702388001
3152239353
3305397916
196180842
3361354055
875927251
2928685511
3517291
483264189
3168227732
1319600241
3178634724
2578297094
3663070144
3148584350
89105507
2675735169
2159294875
114192845
143595305
1257797011
1516762691
1014186225
2550726935
1581140306
842848984
1135964970
1031372703
2043172587
1094692966
1687260039
1773296224
2954454283
2196381202
866360710
1224127662
2679390630
910619652
2927246549
3935734223
2984940218
3626203713
3054950438
2444113737
1985491713
263017417
3528628561
3978045156
2006487701
2260994152
1923072684
2809714930
397047464
297810880
311454691
1575572777
889953199
1756720092
1303429758
2565581000
102463694
2293710841
983950213
1670570056
81762379
2791770360
2923619059
499002484
1733582714
2996610992
2286774065
2494921540
2992687180
2954478772
786818540
4275824502
2248384053
2769708537
2655864113
1203460721
2400768280
532176783
2131236194
616542558
3808969452
220198124
3835923517
1756174387
3059763028
3120528116
377834392
