5599841837815857887
15655913098571550255
2880178291573394738
573812481542357666
16607021752199172844
960460491066566553
13744443775079107998
4542806826184744765
7531101419052079111
3116694405751838939
4829305644157075203
15121917142504155495
13592502634122813073
11095597132351850134
4947898268433920346
6772105247286353214
5702136112529972612
11386533545480267005
14072944973059970586
16935391444198963441
17928773860669420064
13101198750258898855
4486913444117760757
3053342901079121049
1020520609869542460
5229634981978138143
2709070615218784302
1488809396389996362
6380396624854279052
6224351925753301604
3620967716562376413
13181378970335941277
9373142774663866083
8696085032779844307
11923604436777916914
13703881693994841694
4563194638526885960
12190648464315915029
8979106194456269363
16058200012736412744
18371705457229632035
2961971066112242589
2508169576796586577
1529267138650997302
1994119423215498286
8086590876933907903
9865569202233116148
11966019091014040123
17444220768472497815
3156495228058094717
16599119792171412680
14376710624481581731
6804671436967007722
7526563739015591277
1088376848219401020
8304159168521066548
5412084861422158354
3855512441425882672
1732795628192423129
5254995425677908400
1510975846568240477
17244918870542066692
12107068168608290044
13160636259215611629
15659446899293305285
3168649906805629292
909419893083065718
9041492643784376498
5712333762079588522
11858035797282027457
15166112572671131365
8962051148696132593
5357864194345194282
9289893313327243691
14183798441823879124
1608515542777648170
17027306896536827297
2184996398763409518
417761683494699893
11156890217932602705
14330115384688687030
2139515145657145750
2405009836531818781
12958292865719321378
5213661260306447151
9930897685223211711
5817797146581886842
15497647324182811020
4910983694039903699
11519053855858015080
20124739335808557
10077853178903134988
4679818668648593825
6473659144256411633
10369072153209844591
6092055886364889208
16696704474565587284
16402675096671132242
12290532822169303201
10065349086224354409
14102588763162488076
7227095814335091642
12494523584712852553
9472559795800281390
4240669157237813171
11432741516969470787
16904713488708812760
13287446190705964034
7159973004842561321
10169185622189187442
5042727127736669880
9503746761495616761
12323121533329335397
8767978531046703024
12207683452027933086
752375897622613828
16647307599805559382
8759168700702104174
598667608512088129
9169411517185061687
17287287213648138623
13077432395905314280
14436843513328483095
11330912017733424108
9747228400087440427
7766451747717861278
5803224295420562490
9932356614227916953
12779836671164533316
16656434192708435702
11244593593158612552
12938138264919803098
10187646438334336086
12586437175040916922
1706772470982173383
1898877240227937328
9171986057973781753
4141896155954003194
5353685069848237154
9123620534745398285
7555076357002012952
1566677532738295952
7560294794361053141
1882031805227000155
17284113462136995523
16115410525033503602
3953498697187565957
6761036037290232120
8118322457077188951
3450550890630405542
4762045906639778171
9606006766620410619
12828348865642134934
16030025750564955273
9759284282347028156
9848245576690188868
13356258434727096537
14665546664828246660
15605141143074977798
8829667668813941858
3418374909268820713
13673716472853670868
13617570013406081328
12672952790324677887
10275644728835799734
14197403734657522615
1696940946853999416
13091616203323183261
6639639900666340041
18195214119860025641
11080748764726985837
13978443011746832081
18103730341283509962
10808370353443272684
16848211178031945534
4754982628215171474
3235371504757389992
9811085793039955012
7078763957935120697
11817434122960785764
7257077739753132818
9738046393401080805
3748126491879565015
7502974261739666337
18102799161288391564
8759637786739817826
10778765769608784167
8634879327332644478
2168589929667196788
10065862919579033952
15043048868813714807
4383971540865008625
15047001958656540005
16716622362774437143
16583217495304425974
12820108007150982384
6081631989139491239
226016321315638780
4420593036387181041
4963745641426443483
10303050751496352660
17737893824012155894
16811520711054014741
4753777123756063517
3792031338604203756
508488715466416157
15190197818163608926
15727469493358539994
16356684433592276956
9031568323202988668
576324573697617236
14457355319359852589
8918100912123846711
3254293017552396681
3829544067663754499
13113686936360443992
6297170114156408469
17101798888075549552
9404442742267164023
15010117324355673898
17851372973769279279
7620851732371091884
6439864805079538163
6129564227304075927
7450353068900980756
16910687364339145959
2909694129255513213
17863505279401700832
14318385635395390460
7181534079841672778
4476955415244185713
6458825315969377366
5608547115777541998
8095517123988545641
18293296263147348588
9885963607301036570
9561617964379118625
3907071124301990838
13616335271977186669
3293222108638660060
4536550761369273983
3532631778883212221
16703795017179449912
4267273436771189531
8111764002669664312
17413777836087522684
7155946979799251199
2546252456805413896
11100345319280537859
10927497466329795685
5142702258119530063
15935610052135580572
4051136077253408111
6591842385666874195
83556822379390279
5860689768110437035
11817583658767616197
9384185818641758324
1028343389087380613
16352164659405083640
13311295884848971432
11233205966332168131
5644574786468246251
12146656265634307245
2830335322529879580
8262932728981488575
18008748351159300776
318610826722115559
5976102203522315730
9796870555960617278
8253671467331537109
2438777566363089335
17417756214899899467
6945433896943784479
14107899920605927883
16150893126012465205
16616524081295811921
18265111851610365646
17820677716514924583
6317547792240314868
7287996873354268977
3216524925685401237
12039653691436614168
14757627130905439385
17355795548851231848
10310197667845049317
15404824546930324145
16163433177385623931
360837554370617657
10693471175854742744
11658685393894755225
12998821398083003479
4496224802200792502
2460508886460298870
8118471950063839263
5797068026464587802
2174529102092647457
9731907318053537621
7863809865265573357
3128900493301178694
2854989586473871563
7937528330662865016
2194606042452650697
11359967724412655257
16550991296435363469
12591291742142194834
70833543507801743
14851137520269532020
1504607848324242864
15289555321253565119
12414075457237236847
11824368863245797181
13938242076939488820
4477583180932312997
1763305238548276787
2845949657314014913
12913529695769512630
7545555450315217931
10244394659257116684
12268832279114362057
15415982025759502706
8610766103517865987
8941176283998975615
3828826359407631072
4253385958522023123
5718909246831280257
16842958473077111542
7270975147031296748
17270974810481928936
4250966745644369225
15655465835266890765
11053703756717409635
592968193274805070
9952100763981982622
9404690656938153044
1816290498700319551
14485968254369134089
12200644138361465644
3578097218880804096
17744184189106058842
6602706742163029130
13717014706042667316
3416244026277624610
10642145592268933336
7124954761956714684
8406951491951660294
15573054569946056531
8808492289403336751
14032250085221702279
10462029160092514115
9405000738455664751
3277204920372230901
4425019687231374567
11771614510382081288
12009840400555559411
17910388499971586691
11593938523338639123
257580646078068370
6432601691703262546
9060234574881914887
8466280466031847002
2855830048555046637
15341120133251708278
16483972605909395943
17820660656659283429
12050835122189660129
4046112754444512824
16260064122195410482
14411876974231680014
8030453310900463827
17213488220887198694
1885471983814776361
7198995141761119436
1495968534625723654
14660323152828267433
9185142132646301515
7677139416615683620
377195396426481519
43700984662454193
2388081047775291433
6057355084723903459
15082074078582946927
3249310755868322520
1315469122403563958
15208703105833406658
229198945892742223
4414255879213167149
8277254951837812556
7194068757870408941
5327381525300746703
3669097854530605307
5330246883425830921
2409099034365049758
3994962178167365144
7686364829862258118
5499871111983819825
1015157897276808402
10894170109298131383
8536495367917379487
17316087494448330863
12189868011083031096
14502156373618385552
4693047814820334195
13680234526764414884
15479464177873695
10952781777570618815
10795652393508045611
10573502989467090037
11659554873515722771
15063734871109042353
3037100752465815083
9881728444638830140
738228835160854290
13581185982573288005
3879149848948739114
9888585629833170464
11702893716258772761
7890925467824411171
5069167655960958523
3383336598460502258
6062711676050683871
11999587864485623542
12525719867106815899
3631746514764474192
12275154016882157525
17967200314937755348
651272776419992512
17767521518655976215
9220727720450749559
13772864002690061114
1731877234852882008
8124277641697579035
9064853860429218542
1464890808587508094
8648463623576322617
15590664789032100454
2787557530921048813
13823009220777111115
5908136281575433289
17894283713277206132
8852742114680664851
8992688557323120015
7555114244067730978
1834232422302605165
12107040803708533413
8934529249961819032
14549706354767739872
12046764989081581638
12713638271792688132
851302645788087813
1896723988687524902
13359496758549026884
801821233355534587
9396074077592191301
13586578128128987211
7160406618055626864
13156929901118916342
11752569302362614757
12411293200642378799
2620062945545309608
4789264213686710466
9660568361569064595
9191243131354736833
16597422093418782687
15987051934100339126
8934833421915252329
17737591069352125298
15240026608031005328
8160792827728617867
16548714839701084136
17738956850939427178
13844967066826036577
12181249592411330284
9506609195402446511
17555152554685307994
1424585719062284190
15522111529191265
9854753599317531537
15700534928295179718
3650180584023234740
4466189285172762879
11891019040729738084
13778166796929011372
14620787217075447191
5113936953709436918
11684198747420656752
11584615062900613520
14739212209816665284
2282309854299079386
3663729106462917462
11560348784993568712
2867666804733855456
9149876206213623505
1334763440716757494
10814868596436385502
12174882854226775151
8250923674918266821
8478599633624823499
9041683675189545150
2713647836028894222
4658443086672382202
16644824373589755265
13234160927584172127
5612701586690972238
12043775270743559703
12976210551551022093
8205256377509020782
13120055188795458692
6519367032815220626
18048675817739763250
9855311053554778485
14138491316322606758
1203776519893147230
2892108108092933462
11562711177326290575
6331294791196296970
14655728174318697920
6308540856564785737
17613922484254164630
15874753069598660140
15129942708209564734
7757554863787607511
996432065216349193
18353036054096011432
3727663852741594656
6549534223318249649
2502111352324443334
5605997982211453720
9551588735193972550
12550326726964140888
11819017393973603733
18377909028097315354
14755787848757998778
962506433590551847
14950897017340426516
5452597483333394829
3558545123256401428
17500111409452149544
9059465110652044378
2080591297860987897
14008112219096780416
7591651873004365975
4400113689715067727
7666953229060033558
5591599562441799487
17553516375388949633
3542549163595686623
9266676947037832301
10732348143061295414
14262070183060432837
11237001361854122654
9631917682673502034
18386918746661513092
16434152035321905535
13441952705742667128
10801999412935168804
3841182017547430296
4713762373694973357
4869682267962443552
7465451211747957755
12410679162540022924
6106880239535872723
437776523918272616
16771670268646954178
4748395373323441976
11404398295812330264
14919464759414476288
10265327314785433851
1043216004000326166
13777129101847506294
2671398188102112350
13464753863727868117
10498906092746178439
14048433802867737167
949076987525297970
1150892451906980777
11686948110725161835
161600981355641411
15763894005463674879
8187027485477972331
1209023606822684428
10579792996816438743
6963471525503662743
10899871361021375407
17334329646887509595
14624753733681608446
18211123131727390033
11782929119722742610
7292904270775978401
6382490263928148045
3435832742690864328
3114851696604193889
4005539985321797582
2852346588550016627
11913950799896370738
17444602836612680444
17390077723359532473
17026513143134649628
7552496039475966484
12247432255620299832
15556774962023309821
13608363428731941359
9410854989157064106
14447463667764637389
7968812468950925536
9339514630647447786
5630021528641744262
9540004967174094873
9029793899502179579
13672073466083521908
3743595929352598811
3820576815285081481
11087916666931912111
10956527947956486699
1410062994037108881
13205499250612632288
10120364058669168647
11738509083377538584
8455190739602229451
495521935228530835
11024814904755650820
16890070042708314649
7350950469492880331
9794092250788431756
10936163015267134835
18063987320443827431
15942953972922534918
12546310188301519344
1160143353015930369
9048690826355111568
7312452993718772263
15771766791724876634
17250299965726801104
4195779631544261472
4988706377584157724
3468460225774686492
11932136859180929685
8515065429311941385
5364663746696479435
4231611823459198270
6759652680517291477
7466628144823880040
16376157939183010750
6521638951841223227
17711330572980085961
2515462303538318524
18134179198946285073
13743507059042810083
581257623667312412
2062330599919776768
725205516948543491
3624663055525935440
7065995826861966009
2326728480966855949
9143523645169934564
5377321504119995602
6666567763628974769
9921541509187935961
12956575381365234978
5062059321444086417
2290229028670257404
9896513952195377150
7887528767926334587
3990032335953320872
8027528925819275358
16714170621308217172
13146550424372541389
10265994399825719574
18387201013832049976
3170349840323135503
17778134129696858660
9657434422224162040
9149321365537546891
8487668465455909204
8603078744519204731
11980651271884518526
16545021578547748711
2526536587743900986
14546151831007798608
1602493967542736751
9327676764164361648
5529519262607203508
7360175451176586720
11286085761316612107
10257232688934595264
11500225284004207124
12715633938839794694
10316924147023198077
10601983899156509958
13843842271398481404
15258091612663395706
4760181740975888215
14942365843433816262
13443420123021219144
12651855470115518160
15734335644800450209
13177468725244290305
7933173995198113229
3208716806029458360
11283507567412102198
13969818220814216677
9486256115477849026
16376728100598797165
10757983431265295196
17416906094312515389
15930297375236491571
5274891755972332941
611722184737026948
3014586725625779956
14704565248884242745
6913821513416182090
14213594902923690185
3619840592282484987
771678890732723335
4060511602957047471
388296822524653792
14197141744993101633
2522353283621141326
13679477850707246068
18200818951824916724
17531240900929587761
2477974031351287250
753943073650144232
12937028579494046437
11311294346239728538
3252900646262242584
15553515490666059595
6123660818500643986
1168403932568124101
18039959487568334165
381614825356201198
7519507809006894442
9446393008617338781
16056376888183170143
13331468876667913896
9144390544466424339
2137272651336191414
73576851772378571
13541731581778581855
10419380074218883761
9687265178001611495
17978541463785951673
13770846874742156507
8561849602895437221
14575395716794783334
1979412669335809991
6694446587280150055
17029410246536289626
5740729571130146479
496169127722908098
3797415861277767104
1813083658188745928
8159288701433485500
9274380895957557317
1512427048881258334
10211646672249112509
17527777346425958109
13145519139504174193
14821479580259962658
4646414113973751715
7546173460145392416
10298675300219881962
1392201599454413325
521026690647485932
1642135289058961003
9607530550427455069
15922776767934451002
6284333137617761239
16937603507184944465
11550003159981128168
12799975323258501573
14291372123442277948
7347219030927825422
12577736497934153043
16425606310932667188
17239164214238480065
3716766993483654650
1172278278752272140
3605715857959550860
11004625419831708269
17324468397052190502
13658831263415119419
11837894552020875922
3446150251795785365
9741833824106612358
3859125152386515528
1957465795928920179
10494829764343349846
6838554669853047726
14892401037392544721
12721928472477040067
6687370132469055397
13483007102550674683
5226659310955663257
15603343972220447485
16024321819984106337
9342280811114224415
11009494933179214661
12345123497514961059
3994497700203974825
16699942979408428094
469100016316682335
13170921969806188275
10218823876028893309
15915139413297270784
3136801140780093896
5442096384346520388
8400781766367694823
12995796827932757845
3187052329747744975
7283798304423185998
6066946601097690730
2177057885360302691
2375617452678250086
15908305751713561367
554440822628034420
7664204550353572700
1848982927957647841
7376057211308257598
5015202910832145668
14943566480620336152
9123985624651862684
13080626640862046711
8824290202074718180
3962120117172607442
17173083889223875904
15527358189077183088
13917636628182402189
11577885245884488302
17219125861203559964
6659954401763975835
10931955260780341168
9077210903036252405
10941495555333626973
16468393419157359105
14216868818314319148
7805432771946050741
3493300445564768311
6503178347932148439
2751735200132444312
4221625583026062131
9375649484985378175
1403704774142903005
6351765222204296235
10822985958119788540
16275376239417171354
5017456231431659389
5110851944830235806
13118304735301513171
8257364697129535178
1094842266501257557
17123699752327375027
6665773687200682115
6911553958349754024
13324397056699606229
4370421082759581914
16475895957358946771
15770258186105646069
721757988617937164
3355792888171802013
5475623029380119255
9114659944953080870
2996536779863389324
2180430871179266533
17315311922944778416
11979290275697355914
2127632821590157846
17043679858295886468
2164786872002021162
2186934622750262625
1265837326115343524
8845314853629012649
12015398429108171842
13459665609134242983
17357400411780944990
13607258924362764571
11137118188371756765
6966921685100958067
7722731353812823602
12104881625525898193
7361462675861122824
15118478693461671518
4895718043401703425
1931808533082451179
16376190353553449202
16951831350986351872
7212355895012997381
12181740686830700713
14885078140244636738
16181265055309357930
2757981534852613306
2856214517365186862
16529669388954305034
9449399238010034751
2712934617789566784
9730820813968298899
6323840430044752849
15148083412381923016
599462367418183910
6651555895882220702
17979458998685863627
11823410202594101795
8274760513765584932
14451704756748733190
16703618320783191368
13824569354509510831
14824434091891400462
14591701807254235409
1811997766971005745
12364285346031169552
9944841067087777423
15942542972243052419
12404748368529778289
6249193491809150564
585687776716019792
3784053964272175744
11153872862845308663
17338990827726237877
7425700271889269351
4601906911081147531
11876696094033149884
6845057250016763270
563461117628593369
6651939574596390244
14078134477386637035
17153623040262113437
15249062081583405225
18300767370223841449
8657033008651807468
7954201098408458353
454670512391166785
1483485251317880899
4805973396508848928
14155843900852144702
13973114359454463898
10001034294569112499
2297959713129678680
18300436487240451108
18010149265262926467
5568480687179452002
2501754978174807172
15448600414571633128
6562704061432660823
10073709461962043771
403370494789576046
5939662332124811001
1844728026475910973
10311135207403882083
2156637796273411259
9949676395405387429
5562060705917128237
16407516581551321989
5685251087368627666
1415434988907205317
9142225016613030975
7226134956252557582
900179940339535708
10550199093209817262
3417670423476601645
4950255555598499500
4102618011896443753
8694637444087336185
31205956967149636
2470710825527258208
780780749845803706
12939061673215001386
7731840696054708976
15265915000379897697
18271876849230691125
9584781914800171891
7254106062825054026
4150299384133478963
11279872600502883438
4716224867947682879
4118603112634594736
3617444432127973631
7050855050517773264
7925033807038937322
15412425910100322638
10625360448201539190
5784370430844357014
2007519085871228835
11880730133430115062
14892991518809974159
529633156701881639
12004094431172521712
1859747203178068049
8555001627184679709
4096681776273710055
10631349484379728735
17643141257006758847
16653056241687450294
2354294952241216558
10775139053491248172
17885765286676892417
13369749370804139261
16658556181329000012
7560277728068154966
15681511584569683961
2167422336130186687
