15678202778044131635
5849073118067093922
6907021018227522390
14436704592081640974
10253611732618420139
9416842431516188887
16698138425183057949
14014210379096790972
8133183732296293074
15693589088417900095
7332348492996679502
2057623315863868573
14846195200593489863
11802612562458336041
13499921965847839642
14671966607194012242
8017329896266003657
2227885847951533384
3738682105513558089
11933850457466216526
2010915162530846019
16822189806476152674
184261427363524503
5300234265541896814
17911098214739683853
15828384280469566423
13737171745242419759
4204256063990836971
8337537063535277304
1444213093420093497
7140960042877519885
16380809031968491050
14532592636751093108
15787851497721073541
9535805997780209071
1577914729175823914
10447446356615596271
1043356783292936694
5003101312153541465
3334653897865750717
17713943126587112666
520525364176661451
4650627164828013485
2211418421683235794
18385008238498202101
699874476581467652
1659716911359852917
18413376845645040727
18378075087970928249
1606075202579166198
10132268260282650819
13742790479524290344
11173400491502593638
17797425831920866710
8544021580061867780
9916954057374041668
12370455771477902678
10781479613992596141
18068833672384817570
2268957812084681552
8329104723922998499
15482975999735123249
16902931004691524626
6526446712410046168
10566331303292483750
17100966803742538423
3871851760639115319
10833890056212346767
15686269732520239467
1881575055276147083
8194744924012022617
11040446070605034596
2885721007590933168
4847997007014441415
10769876427533171622
8376064915463616631
4493176721455312812
11862023061875403137
17117702821854352219
8383024563044624028
17023311914251206170
4019226506299567502
1386659391738397772
14031044247744421025
10976112532043153097
7233826171045543614
2417221343449314929
7868044023364024589
13587189411453749312
15408398712128953814
3931879473547219209
5952875738528070814
5444976460814446439
6856738334175350174
17289617330117110269
16506625631059292743
8908888187118226304
15086112153459604729
17413751807430803852
3404718125267351742
6455184303115895731
11825717888437513526
11779340764764666312
6945171596651437210
1947969208103368906
8012713605326857373
5049108745942730436
16508713924626457929
9511197710465266829
14253378430262100780
8085023390550249758
6058097867611617187
7989324478425020227
276502056084929632
16310902182480985858
18297977761274126899
2752804809365973643
13970600018706657447
14183388961171323420
10316528833709477956
10611345355539589000
3124847018431776439
10946644948943336102
3356218079858927553
14250213662798154822
15980444665176473753
8878671413234684895
17449860626983282440
5328878805438261430
3821651708776896016
8186163518333890496
9671870305177418483
798046355271666016
14964502086796552326
12390511925540641546
17883842982320149706
8346373200506864889
2191165260481058642
12408256417559233969
17809921063992653365
15112406701595315565
10036088595191889138
2407117848963977173
6513463096231703065
13422017814239291167
9674001075928708645
8808488297179352047
5866342526811544421
17009569062446525153
7321127411187234498
16008281249122658402
10399809871322569774
1560089240869574713
2385613288119234613
14702746607180423548
1084996455133303977
17654154170563951966
10321685921349898154
11876636010193610927
4957398154294064113
16396404145010160957
4332863930768950707
7211864396287147412
4086434028395453882
5542587990659115999
1730464676434760746
14728415190100461722
15424230084768257913
16736595149615116508
16415895152959590791
16693153375922439478
11165986868376312826
2876188496253262943
18025285419246271561
13005746805916532863
2263029536069294514
14185068742214450529
11303335279667819375
1534808022423197030
6331681736180114323
7131456418986676150
15546074038859397615
16627281982094500890
557862018820866661
6621684829528687249
13116067055452978814
7899243622069674942
13923545361392354983
15765187507678996728
6875390062161332038
15051850562912084307
18143580965228865100
676128665360824066
374052697238492277
967971751479622811
4783163302497171511
4151310717918053581
11082028895907076173
10347035951086908092
12937274514641858257
11014526480046388467
3097873537898636544
1283708561871117636
11113220863553233961
3849264016898951063
1602968196484070349
14279777471013039529
255848020561147629
3282660161453429773
13366274056198035316
10771297804250019476
13290049962332859334
5442633831566650067
6305436414368993602
7155286417415941922
9737390762752901697
12232731485735430526
4026390492567796250
12999049951946102435
11150319680453174122
12820757348206063276
15618895781345576222
12628766800759788394
2871855878598680691
7165410256412658720
9147465058952104535
9243772846492256636
2276606195253688753
17118078036046114648
14310050949990491381
1274887332225354308
1571122967660794258
2548186722778820130
9216299642474849007
5122253199611744887
14831985966622512511
1931018008565043605
5817988054754915016
3180153371920808108
6563054741846122240
9625800242608838485
433134251070497750
3608832279128209395
13494712708247998233
9837999514993344216
4116040863167147745
12269071753647767151
11971755277123973348
7580177325777792039
10944387188557017904
14171251993735572877
9786723908420804861
2194517506682320275
13853721300820737428
16762873742145440923
14905734646266530576
15140008363350635554
7626406191566157995
3906435559049267947
6811505980976024557
4883699292531274823
5135425555532845056
7348781540864017286
1436288667530569925
375094484588901747
5462777830561498637
5111980064175792452
439501357558996796
7369923736652269479
497659362909399545
1465669584713995208
10750929727564725749
17732688281554017353
14801146603566389959
6511119295652164119
18066856346244096212
14147290876871324418
17975823418577334721
13685225750883078409
7029954050715741786
13249504870918542414
2693122523995730131
10390844514208667247
4779479051002779750
5874798804426702325
4123201344898979142
1187131620174917834
8490079121411179513
16027900136260465723
16243657713636561505
4440315107041174627
5997354306247042825
14814946138871604415
14491587375305651829
5148614623586055032
18690071623701077
3651681150705248464
4496358374491580345
10314808724108324594
16231119757985685498
14449781569742220958
5966811421109780640
1472769599413691410
14676434674510246090
10800782862464424473
18266381340922974338
17892445503990069421
1876683812861026883
11637654069726737883
13478221767646877906
15145120164949109126
9499269549122932331
13535240021209186310
8157554089282839200
5891151055430561112
5257820629647107229
3550444430998021686
17488799173381614526
3491609908823167403
6172206703146163193
3034178313547046571
15528911015148630994
16757662400836844328
17694844383533539024
12501768873658864401
7902880168691674781
16523126835772150401
12782776826266811964
376439930573913689
6030411603201239950
11192064005963747103
14938139330538101766
17880818059862463403
7262613587842547505
18259819566548636252
4637516833768415320
13758865285725644416
7115292169301301617
2461346103609404952
17153410092316456661
5176537533276441550
12479141368883429135
15993099516031204974
5341044900823940036
9104048776738441703
9550816004077267900
10815434497322686281
831849010873268363
11266067163670990574
4258333561936864516
17745922486525358419
3078271895108240441
12959906584963871745
15115949969644339591
17792349672446650189
2262152942877783146
18286884974933902571
13334266205577390419
11704483854816667671
3911494605622471183
7213615931306452050
2385247246023638794
15545309558208397423
2857385746668571986
1508504609732274727
2376457181563022217
17882635657923356651
2371955254748178531
7577532550491290462
4423718799284308989
211550232371671803
12618769076928250220
12951285830170259824
12279801853169865514
5817111708355571155
8858582328132257195
1084279715683671315
1379981696725076360
9773767715132378825
8063537922610963487
13557850817605278427
12275081302906391445
14330938063786013287
1148487514996773933
11890123852352264663
10151141737968270593
7790334342017201717
6717490376127957482
15518068495679036991
6503486160652321508
6078134103624128560
9394539407790194702
13940858832879227462
5955023428125118499
2774055104757146948
11362641680410768062
1494753115920690457
3505561635105684494
3308317660656074903
6259809995965923940
16993418531205415138
16491203017480615679
1032527702048497285
2014972744646450703
4987797171822607327
833451704421666294
3447723549444957543
9688470657986570815
3296919169959672454
7726769344043852322
16595056548698549092
12152513507841873693
14888739778482011812
1925131932349806860
3346287651250141914
3151681875996483255
12362899859159838052
11920085690025262917
10546171640286167339
5516906352714664803
7487752692246505399
7392589234957652971
16314143635081237109
9574232581788646018
11374039561512459683
3784623217978339576
3732302421643138799
15930565475653186909
9061141889338530637
4545703229003673796
2131813493224465458
16085706522485594301
5400707119078281077
11041392808718511541
6626643013433489116
9048562068417067546
2820685852992049071
12854574435831895638
17513890910759233792
7728321473458800500
12872595196008661891
13142617810929434199
17475672715710013042
2600117853409059806
15317572241687483960
16938034871092021629
14690814203482919219
2206274657874250387
11959793843942838382
14835797220351541522
10187062319067526557
1920131277439744167
15716740039118579734
13722286854130695800
12731169031288139859
13673451130520932867
12121531707307619569
16283710951869729746
8982024995164285394
6389147720987913679
10101711459444444372
9994431666329290035
7309556178867276498
4394919339047572812
7484560314196810790
17973029455345916964
7266686807330601222
4064159634884890391
2115408798325327167
5364914348679653089
13867614785268993421
3533744820632558696
3703795894859062494
5753675976607514418
15325920825119128862
8708868096456850185
13138093037442806790
16120378893238442668
915862860596194379
16662810665054137751
8711898896391649236
2293028898151440625
5662502889057322841
5194972334848808505
2245214810435999561
1371324093542547617
3222728689796536696
4821577955446699730
9913443806391605093
9785434761920148846
18163706614084239371
14695676512838617345
8249441382768636705
6580384671725845528
16007538095116289710
3784625520924587862
9134051604735774126
5814029867628525653
10597763784542416838
16524331723766619150
8900017298198296628
15517112195929874887
2963657514681573055
16382338421874871937
283136028564126966
4363411508880714072
15751678035753927902
7827320308943384102
15280538970312451155
13887367257783494771
6246890831875749395
14357119023457847030
18051014524174423943
11237363622630788995
17968091600762291408
12781330620505420725
770433958807947423
16161969626638564582
7726145342336934274
6790782105854413250
2107723361881133539
4416722339245614970
16185368092311100292
699813616277872205
15529662777172206336
11401567256461903449
4061437736575633064
15353078339766912927
14597537931965427945
5799448480602485140
6218669584872307139
13593204121953257381
9340603767176247103
404771340666356699
8838656179552549934
2031961803418493992
16640871114322875765
6611618819206472550
1694123554912363496
10905907970476247217
14604648207880122290
8576214986358219144
14175454515607887515
4153309792507698145
2917546974144391871
2975014896915226047
9601388025413537764
15049569853107978280
5043035373112506848
7911563332617022558
15714313564704539591
18193711204066051088
8775684227210247211
14723177676418155289
8100032619112238417
10486396794434426811
1526076473013426162
16897710495473224721
12598840776485466826
1367643262239807633
7284394240061281407
6233070768212013931
11568150871895572170
10195483877822974583
7448514480302684232
9292695879980446962
7000024604673191169
7733239275868482252
2356572080215451108
1880523076026452613
4848606363792702699
3569308634600724868
8815594208329620331
11761546387259910105
13939870714606561934
3570416452223528162
11263648774920608889
4936518631514936442
6710624591144251859
2147816669990753848
3990930161962782727
8923267870306224353
11000762292706138317
8685608329289252436
1588432418358045020
11553175139405639187
15754922076661178913
9899406014117373169
8541849631289331229
11895233217491969079
10258925538568748844
225715679318824160
12538503302247520500
1736036526566142470
14146702912993520726
5742692002195736704
7120769809447681361
1541746197261759552
14903634331230972674
1108141798372043597
10167569018168060722
17551900132032618183
16131033968554553469
2180361084685628533
6824879984048743608
12511598623218828300
332106023285436611
2868909275256444580
2492106475699315326
14552242808915568727
13202637692008268548
16783274103183053263
9159212794590382652
4704259053107633689
17644319640145693753
4991882764214834649
16961246042901143629
6808602363398174955
14104369761070856421
15768575795054475444
14511827845998956598
616479569141668264
3555791408887682627
4974928048304961715
13534233600253496821
2630790584041807166
14248496721050531032
9468151295729403114
13658506230425617080
11027275207364879587
2531386709276748638
4149375263836861047
13091637860237954113
7757042035314885391
17900114419589729887
17891752784762023091
6765319514092606720
7004388401096112843
12392877705413263568
7815975951493762371
8969023078317921495
14555203795965098484
1820922188853679322
15273746989617650454
3521353541441428956
14372994985804648142
4143626751451703741
13025914599490419312
18161374647993963356
8788403423850726737
1135238709531121471
17841504592455779376
3170466362781511801
6744922943801151095
429397520991852324
17219593924962659107
9994018194346835352
3725817259091179967
1614264270755127551
5090482993344388830
10523809636107062120
12948674318878445001
10838828217890278199
12569643984756841346
5786545749492993929
11926960160399411947
4321563364486430511
1916992559839150603
16490829737395775917
2691867460784649432
6002538398872916313
9198803573817667241
12292244474763586749
12119206182191871168
14315210987355360098
733429312711603960
9019050931747525234
2229951575345077116
3372373994492988259
16916550256997666933
16950629445123821389
4328229686490936510
3008331230824390569
9368329616798108966
165174847881048657
929993867675297200
14350185808215948322
7950363245975079141
1616650368055965036
4743851671377484229
10523269057886528060
4208857313668945956
10199550604987828176
1859356863546297910
13150027565636876144
9847740253307010042
6881605300908299812
5217060476374687439
5388038540775764779
6638139282504966704
13722122402028571058
17243658749061778364
13046533326348492868
5578048708812031552
17832955860617848317
12242977976578096737
5624670103109801808
4873137017192506472
8957093992711686758
14239305807848723513
8683472955317652207
1906144221355896373
5869085356702237905
3314910731371170255
18213131378559040488
16076837826074078622
13398932988716822233
7737556741461192885
10841490267823009495
13511520205451111520
2685358592087872497
1106243498356936763
11754158136800649419
4834745534742186647
12530855605838387608
8271643684957941356
5767441190880529399
2829145644299813233
17906776015777961442
17699085238488646632
11103111485429161148
4873006988288349326
12165688851503810438
7261806078621668371
2870321755052922173
14214359674547414721
18333144489374322023
3665558765804322832
2443023035473243730
5618506872844560809
15236870551207008402
16747079893768352743
14153109051361861630
7510114618685458636
16959745347155624725
16780842121878551178
3374782977935651340
1759646346414448405
4579333886367104722
10289700582911731449
3935594739504825224
11419890061480326686
1727364905659689203
15290790750635227810
1090015985291015868
9660248536333924712
1269431767327910933
11348245247417832739
17522165926568545683
11783109060533210488
2215842868293379137
12398189950877534099
2472946252943303500
4446536341949177677
13411713306998626618
17497121035918600228
11361795984746824182
12248634725516647738
6117761685759234440
9479442356678772392
17836584360298605157
13725401043224544981
14398152818153552195
17993275654011726073
16284259448804753846
17060882307794012759
10695189337095443473
2091150230916892766
1063014576356271391
8468397831812811312
1655495727625078638
14195144015935960396
15854292300414773113
17674892289863653582
17354924764909567007
17349820110901304550
4676026743888227909
3856433428752002426
17439865349364048053
7646162681063558419
15653656174403488271
9142510128787894506
17810584618985607533
1913190173784492651
5143924353248359588
5392143154199898747
6587275355237415144
8849603821004150105
11490186488388863174
3849010096152840294
5606707529330345425
3834294589677780196
4756270910554950663
7336999442794050253
5157262643754732649
15512115792723791525
1783212261142595859
8218833467607222800
8522382955724862995
10298314517566591365
4719831112630182085
8488910601747558776
13671218088493962535
4076010244840596428
14706582631240289398
7629568821197542087
16973554182932705670
3509254043727594542
11010626340785530221
8926775383679702622
5346209834963805269
5310997643449006998
17623398680324315463
1760883460006519430
7001896896006674459
4487450347774419933
15023391979006843807
3722748584323106471
5358318910514095023
15090673928639648334
18382566300534114561
16488534541784235048
14970527293516555082
11637414942141681756
2727136327261136659
15187886254960305966
1263808915154601161
10846071976678746939
9204452529812150771
4126670324620871479
6183220976947783223
3943003361968126206
11044816431328698252
15246832374912423819
8232024082389959625
13339156885875256081
7739894777913361314
12466986106641877546
12189335376698369216
12949990466962111427
12291426250185442990
16016379430594773950
12594432384365769904
16105669550781911420
7679685986786986107
10212592453969680143
3765654514937007920
10520366663450374549
8737180625187246551
3213925069916872295
13401935120887627602
9697826345412004483
8644281896622110896
18041947499488230383
12673481795821822224
10260257114181872267
6700734378471887426
12386905490706077830
18335493699440096835
12216037244433029266
138071693342156180
2787554541105636002
8058550451936147589
17233816843775037444
18132052793105876119
17852614714348922856
6137714534617249763
17010192742459859851
8455396844945009650
5400119365854906491
5041078318360676218
14748642574297886869
11135055173656879159
11053067407966422487
5182776649077071259
9670385487360955985
8963754299722609883
8464938378842028806
3763633066930848852
14247520360518302969
11753816957811788537
9956786919009460874
9474217036898472477
2727225123354362482
15852233836040420887
7416901267626843799
3775365682153812922
17053184968714387716
11394765150213092633
11712501435524890871
17593487119163961464
13785550518796816907
8850003625686295528
6291476863239243742
12577555958909290326
14014165280952562810
4767892814065058684
6288371695573932852
5156780629513299841
252479896416431664
9707608983571739938
3511354932640409373
12154428043601982766
15530943762268887676
13504298084658706082
15299264133134401298
1949359700598266033
9382321876119337083
16404504563343369972
2426347929392355239
4644551569337382007
9303259357754495530
1929505896579150366
14332142031628992454
14364099818153538913
3322519549442220492
11841304586195190197
13941028550312570732
17988441592840421907
7810101996490741279
7082981461286980537
6369758484431815038
2639191473449345779
9011189029937671346
8576441467762402189
6227991719391031130
3389781567690391629
14155418478293487699
12280592886367650553
15702676939087463547
18103457222598252991
1916386868914894171
865064930570854822
11664178393572326900
9906470701856557446
1073100383174979404
18293523701021706619
1680268391263377135
7800001999581096423
17134261602051651295
9636610129072227627
9450712628830610315
7100994344523230688
10177962533979496574
2941086145093983039
13952796115082056434
12631195975769001937
6936143568418713278
7287871185148147458
15042808809556648543
15857286539995226532
15273384548171781411
14731745354791418267
14881357229599423357
8414731498071762
2092932594201153184
4309159315974755133
6169194984126972905
16418919333996404555
14985607542784047899
5695622980929306471
13568176750409100596
720595199965691844
1266757519530602903
17627563271748261117
8909851645031335761
14793054360204830936
9805888151764704089
11944937557979295949
17660976014879256698
7124789022493163565
10835023277193924812
15632238881627505930
1196209326753399030
6484950786697127347
16157979826134070968
17928904024798759672
18071491509764206299
14104618587623717187
8901489511285882798
7322631146022134602
5207642316745913512
15009279994963361857
7230660838775978501
8169680039797763781
15490032592470901464
9126118165099184587
16487206822186159769
10829308283130150626
5712296389106632821
