13568339177774504996
9133126797060773732
9689831990791663596
2406941586085965800
10597064910643841747
5777357994294004603
759271640852797589
2688321887790633508
16033196057686345989
15893795108534577027
7287161711522478875
6074587187153717613
743154007028709084
695767117724545627
9964298041497258332
4522556409094648019
13695624925866477525
15260194987355460093
6961177357826829957
12576494568584434893
11469025560354733801
12072484251654398451
17828427735473607265
3023275785254135482
1526494267102461944
10686477974814775784
17962962417350658708
76300441277996899
7413550367004522648
884347992187499433
1400800210128278803
12729236061636759737
17817723623436201808
6225827720844100104
8116185378765373286
8815655575732841472
3414011923444197613
15017588398070154296
5769877545406431791
12360152912839057193
14963086360376799660
7418948532732741660
3862778453192021928
15626835210398550100
16618137334068729793
2687201372901346749
14835890677158528474
12274507438777227154
2681527096205552804
14058467249866595324
2611397071461283514
13170985027122696255
17500234098418788512
15301177290620515692
10913173800840407227
1030335529526930107
6445894204759104866
17462065168260360692
7496351794526332004
7801918667809789690
14659701469121310863
16148256400892094414
6135428641472098870
16115000808777051077
9972571229685447929
16387067359893673283
7369124007097971087
9118842319829531135
12703731117983141154
7961578057537340866
16599442856559373101
3299388146209430322
16222812433300743780
18385957039792194879
13073466144443169052
4411690922839147421
882346843787057610
6690557595127528832
11784112163434420363
10046217162299416602
16652565922829421414
8511557348867220289
11728556244542074157
3996264146456748390
6064004556157180330
9976607015511707662
18312402839660861845
9007240392618620107
16803722411697398059
2577379015057985533
996717006936534627
1126225097971335158
8316424900914899181
3710269755967782501
17232444109605161389
14474508580318472726
16462543380900997781
16510123007723749236
3129542714046215070
14147485296320168348
11064709874896232788
18309084818033913742
1335398059858155125
11898736650189539469
3919515259051441792
16818766646507913917
17699546484154133986
11724027553066817332
4724530794463846193
13162759293386680603
486016603331301182
13218949197123061582
14978575688423762083
18003127070006488854
10668622704860659086
17170826013863466374
8671591368693747093
8711292140065156373
17722672016463764506
10672104780269042938
259656091487159086
16959020874886294701
18329158156820057419
10842656627905385509
7813683161191168147
12480135695377545368
6519966110513309058
7198007970733713756
15769958856894207884
1588379383081124226
15143677960367883513
15704246989418574366
4243737459998520069
6118540549513346347
3668555826432463277
7594569595531429886
7542472588901512167
2687127644824453950
16929520142871329597
6914523423088586333
4292797891104750970
16096705519388251959
4005708204663982031
6493023896031380833
7735728915913247666
8855827413515170091
12204346739619505448
11584572095015935995
437451667381074910
1881853877205278957
10509837362120000025
4190532184308992228
4908465160078055737
12374682197971425546
11473026089804058698
15644480160256832883
17715571600046791309
6560432739155976726
12975069238078409403
10132359793078011156
11611074518357926331
7025854812658726179
11190461852073615054
6310018126031467458
10061528432359311345
16893565968372279605
10397140239359592102
5122460030311552586
6994752342959032250
12319776877907710051
7234930450673082075
6669403690211810064
14614301510905738489
14513125922964277481
4246829297085403983
9855810807642489463
7216274020769505214
9453064197243673493
2291548453027087031
1592136122418925369
14977511417366940033
12470573805799495085
16692862734222055276
17117626459401337206
4194176684542600343
6300785321853190166
4389930682736542239
13130844053861474959
10964963717261645097
959049040639149953
11982574866031836824
5520125592978171790
739984328595684739
6110640277403632624
3254756789546721236
129676717331180902
4379853517002569300
4816419723907938995
1375358274598686122
11915060883145847538
5364677098341660187
9209651416200962718
2348209322329420899
14738677930630805740
13945777769755632151
9997986807832662275
5590537244485686777
15872346494162982309
10568818525712418144
6505838912980295094
16695796538313403328
13721487660882705378
12886365381249062129
6118275963955915904
8223104211654966232
12642924340944113297
9181823856359712059
14433919718031340253
5909953144303577080
4560768066396919087
6642302865643537575
2229645470878101993
772012363019495557
7727585567250770765
12335682283595842244
11850700974862750429
9543377577230332582
5281916103872025915
12636695396134279131
7640286732430138469
777751638009672493
4568732784478353633
4964620620742191332
17098561416744684583
8836174502595453645
1245278625897125898
2953543451518850784
891601300411618009
1270286669882430038
9471986850512383136
547829625853754975
7149480814569195126
12934034363976956901
15571842212107044994
14946286128577645499
6952791589658756551
2128871600606887315
831109256808683411
11307390425071441520
2736396426747454419
5504541800929003431
10019396665761191874
2346059772305871101
10815761516488846173
9225884946539811536
2759711337441100101
1552133518567457649
2340200275393178601
10658465515060497558
1730383956379229852
15141741027228569213
6211839718265570189
1831451321268620195
17627774843393080683
17446494585122526697
3387297280427838383
4089109582133036293
1536097972394046757
9357818921963798620
15247618831975083645
12850322922288391140
2088464867756540095
11469662483597844649
1060046865601864288
9225179366356242845
6880634509426813822
9780227751567972515
5911763497347639828
11892719192224421968
4510159589084617044
14804740395283749857
6199038817556629413
4995189358033022536
4456950889865872122
4159782770455541218
10933690770955606886
15020486451897896736
17901465695548180711
15817159166122543876
7878166813599064585
5627658751975251619
1107211242181252309
1198993587436649998
7285109370053457190
11914450313982026560
17168104160512561045
16402588075662995265
13402778598183721048
7730936912352183735
16526159433938210656
14265497406412131431
16949422123079360565
11317787928948905613
5978068222260982956
7819317414027405368
12358225641818254193
7417814817826169777
14589284710924626560
11289121346511610592
8425539372793166854
4811517398878881997
2711236854876279813
9073075215370617067
8049008064760565578
7133638934538193216
17940922470680533094
214826196643467043
17942759002533342030
2049374758563901537
2667576355422709109
3137632350514631025
1747609075987423216
12552542633048138453
12837313722056453792
11699831295451069569
2504158625320838702
11444175253906034246
348460754443275808
11256586100880743498
2163678577216288177
11770859088637833356
451044824745326066
3265823025911725476
5970539726169967769
4923642009311914776
1382059956255459953
9373302913256649388
44047115297449514
2244009278743758699
1717266161053570508
9944469477888734157
14050911779756873979
11348386089440127385
14447755062209088052
13212345470950617410
4807161391052501869
4092191354541043594
539210104229979841
1645198442430378078
1170204771159464440
13124308579240662498
18297245321265522154
17510642061913757066
9168584533998804940
10395084447121423436
16609679953568891487
1711089796976391175
15755770971598060214
11130100721998998083
2566537615461156614
11791596604099685177
3848761725641467134
5315229040607823738
5508570124074923999
9637146604439053713
5576145863740442782
9883814721500410271
13984747188505225640
777086235351020502
12130329601791532230
4341879205264165861
2663300137910489844
11857304843214048371
9004264578007349937
11468257306990933042
5122574424446414516
1855099747586475966
17644864196365350652
5199655694372894421
12934681889060189293
16615377190020226433
2193026038154850102
1124894960307528889
5347264872415524750
12078509322955787169
8581540135733181590
17295785563117474244
1961156375895658169
14647913121927126778
12701086822340147911
18080729481807613552
13721450704299200497
18158612529700513259
15797498277701603148
2893168079792844734
12778481450641203071
6999417973355770721
10541081179515384813
514950547989880650
12906622191373974221
12069918931705987904
17110179227750995644
301724591090661724
14942278074543980692
2453038163558321712
8427558575756355954
18179969127235372000
9303134169194509928
10593559440216432475
4202233246835949336
16942810192646380879
18028150066484388643
18078487049398977810
13937853765359545992
16496183815943071746
12081871564810363507
4286967188110005390
12247670069606488991
14239258702228465401
9611336990471756786
15130027975730727927
6350356482738233668
12917928593057676683
1665715295777183247
1148759194071367991
15523909667286019921
14740328554260836058
17091337281456811012
16352541142017364124
133566765068063003
17415167655404761632
2612145663690727703
6451547855028975437
5147177459205174803
5679070845977991957
16616166973568926935
6695381601940029625
18092933971078231602
17214996105628964911
5373373075508006937
16385394126784044875
8380691816923060264
623633486162507633
10928644307009245833
8963809541612444236
17606895446723350057
5684341577167721186
2687365538467021902
12925374726888692267
13090584080582694741
2330811283877164160
2236719299123905140
5887633548067289964
6215343006655098997
2403550527375660448
13170790536916220708
3864804004364368837
4897167746023137001
13446089148294248320
332470270527518354
11072315054817574963
9421489749659182175
1541235405181756065
1692099538418629349
11278979949780359632
10622819236272913975
16504318792612059966
10288352350965025545
17437324515182705523
2018247182791296925
2347786099614258264
6901057644531592407
5993096882554532309
12121920581640199956
11956959574970727722
16701253308742967124
11710604812742574843
2256325778184320012
1394592386368241130
17049820791854972838
13861964531356669955
7795342389747430477
2779837670269220315
7390076635070609252
12484222552827286180
7286640007722949347
3899986026216868146
1181223319051744904
6938514876121564286
14583220393228896213
9512967398622298218
11612657934072117827
5639333071467181308
5313753398537191200
620474921570573745
7720704584440047656
4753773928420587083
796732560955193685
526459457987158827
17705402939792215657
1232684339943393418
8763376501368732399
11246441738970690252
2473344542509912546
14528799086674153952
16703934046899304106
1496325691132398767
577342770613829381
6153037333338416807
16238582553009249417
5202974556144854106
11537939040588073494
17625279768409841436
518614863010230028
11787447997906766700
6763863590132238807
7913007080789251051
3630980079879766801
15671393018564054544
4112942708029792674
15379296633097791169
3194367872988745617
238477256275267627
3659384415911057953
6729268648753912647
5083742449473417102
668773433142875511
4306660090781407105
15771070703330400379
18212890227078279874
2141057774678037079
17236478957204298255
11228841216817474697
7460994843839410043
1275531808913146403
13515303151693273584
15721785400487462005
14457771193911821405
6483230140712503639
9644730294724545152
2776933157731859730
6437100642009181227
5157328943543723605
841244523673833045
12125981841509393666
2826006189571916222
15735405093768978112
15939067386661107518
4364529477347140233
5366845845182505873
12699874292671531368
1450815075688725314
295954844047081723
18082935377274705558
3738305318747289558
17547525647760674823
15417021668983716197
18399827930492807024
12642120433234593987
13222023210259634308
17600431339331464428
11373801751688534512
14418607136799871429
7866584524745364633
1921900332315620354
13726979985335640768
9166692311553826990
5422384717656431846
16236016335897012359
17610021804389261959
2837920523694536085
6713346471742270636
11814611434406112376
14054216714947154508
7956925794536807038
335694553965899963
15854283646988694754
13849513193982177771
3763501732960528295
18008612529389981597
15072500773583147749
15848788203379500430
5025985649581493109
2345487795761706151
875858347081140017
17513921114486754030
7023031599798187346
4828627878006972435
6429964455003680813
3856507319498162506
16434959306197965012
18236578168807116670
7344264626230313977
6475304972625296716
9956029886377587101
4603297827230749759
9416486734786726840
10061999034964153325
11604273885991501981
7124066517582619498
17761503639673565965
13722750993173204122
520526996134562741
13411240832667301009
15684016129848024433
17240829842705787300
2512717030269035155
9581886943969809523
7441990335977468002
14734866032927867477
12647012970768529052
878949195977534014
8193144900749445268
3165916323191694065
8290005855288767293
10910513053389692492
477130458607504500
5954651973759838802
7187253259446467008
14796950802252233857
7993973561304905384
1750007043015379165
3919342640137972281
14602042367252912784
12389116895852041189
17887656242741831431
971958284930008408
8258717663945587650
7527232926393170250
16137577563790638593
18224230017374837320
18424894200416588057
15218883719488870571
17720233801471972538
6972943188829070655
12104252769819492843
873744308692914998
17762343892455601018
14736517803830235921
6260989135067292554
6747886630773162600
5635213221439609677
6629027292124565646
11628212022779486986
6309628610844270007
10903701347287823199
3313597857187874913
8387356332000744657
8412576449957760330
12098457994518548579
10507101570373180350
14267640590298386312
15801147062495407266
10179807341337800962
5939729828500481927
3117062883375823918
5069359295544602244
15363641628401649769
503205382307600722
4709979842498307047
8615325420546483851
505079391813658536
14020635803831645067
17266235456444687058
15969164824225740233
8792642195260033375
12618589504230623133
6807444207191621116
7898310786566786297
17289033423185199184
6697746038061904659
4681016143123368137
6898019550158081927
11705885356142431237
2578254955143657060
6120441246220582579
6698654346208139320
9131786467780902873
15152236114290134909
198349563382419944
5418623310008117851
1805739272477072675
6298458141707595640
10814844116286150529
4141845304193313074
18248202581576917115
8408878528702858187
16670284562544219709
202450924331418760
17681669178232690267
5378513833235539620
8821182214280506325
11625011221250544693
17585293413211275230
6079604136047998772
14037476568219948487
6237602075585912236
3187003145415602799
8003543302098234263
9923548026646574664
16165044223257991380
2616950209281214102
9452879646774102674
17084093328283429978
7221057117383066358
6171706712879936489
6434079423031966548
3204813391413393833
298130505798222779
258762568278579328
665430284529223020
2917168678527876193
15123883630221051098
2341783043375411624
12593014422890296885
1090771509213688323
14203437486587608613
391009759954195080
6987274611718559634
558697613251031569
16025194064423907537
2905036519480108584
10351431386602733685
13253661347076819102
592974802581421738
16425572185879571918
16770174335068883134
1112766021229032250
16002157429875478572
1687917614013819446
11448802346648678966
3366624496513160597
1022205968644069883
17320827365438984313
13839524783943260595
13946867531905538401
11989682965381514660
6639097871821121685
13649183613111121096
5819802804513411723
5216081395452215685
243755736728342259
5064262914389185999
13075307917550592245
17548980741410324430
5206536753101405335
11223422061394710206
8596993220857993944
5605064691685105763
15649454831689880122
586270761920791948
3571954690146760579
257805892717230394
6707236080858573414
16948014874074969068
14358754562716165418
12655980146561680712
13945354187309717506
2621435863020320596
12815522055071369617
13230476976679205565
14008567195022550910
7707150451167242659
2368523576660368044
68326177746804789
14754665967124888732
12427317043453682513
5052488601099464673
1635346167477884801
3614693227617306899
16371145879806373146
13055491936883421718
10650485586628029744
10126496060266913898
3571362983698941779
1765616384989436916
5834722153096190097
14669996551808076207
3301407333530186430
14983926857435694353
260402471115933299
15206924546686581619
10422797563066853747
16155282211313526703
17311646236548272310
10192274288099964098
11873935628969958302
12597570402242343817
16393753004141944766
13296514705603551045
5403439400688120669
10939592655905929882
1709010626780721612
200255361178367555
16791952740260627422
8673852709214504901
5824820592413883139
8961844922239050703
662784784011841624
2400813577600937638
14950382601460194956
10414459792264667818
16360696261496043638
12137788477924502045
8983128160925011170
13992679661246851764
17518904727930889172
10476875801613687104
2689997997657040133
7328813119933389774
4599750438323959696
13164419399979714556
5297595519209411010
16170818469878777273
17020942707549731556
10384450755750719842
7460822976070477533
9634484996629188251
16459050268673542790
11910046732333892868
15503679773929228321
16669416130952724019
444950599210303283
16796082202153884119
342135370269719803
17455205321293842905
7931884145006675937
6264041293641279531
11687130258221784584
11167209415853530715
6721679620117237954
3697311206726590495
814563491735060995
2344975998724505718
13057874688144130623
12067953546742897053
11613711878450787632
1477473435235508069
2899841249034366706
2697131994252170455
7239191105085998827
4284606690914878571
17488281369744501580
16405597551942491607
4644379206081163911
15449314820591732718
159822279081703894
5426834985013742379
17740716978250681184
10829636441870322010
5852649811028599778
15508841187309148176
13319038382193076941
8167998975619324319
10569812742119660542
400001319235038912
12322542016781501977
16386902207587344440
3323155129995286484
12219434916538267205
5950805836322282406
14353547316844565736
13589274906870927029
16274860658103631636
17411280774740596755
14362056203653930299
16060062569132405984
17399399802369083671
7988275594105908899
12986644333298111813
8407023513476651812
6220769839220607088
17712708455751182047
12727708732641443268
4269436573052580312
6155725784548140138
15935193659335146848
16843091032287617541
15924572019761012423
13553105859251942355
1746773482520985253
7206083773981010103
1328291071168278923
5404203847520715956
8874938039599329851
8557530285509993823
1584324293237981660
6554304300801100106
16496681579005598462
6783388639372147774
16771683023310208316
7614888547681887550
12825505242725461518
13662918583887015352
11165362993537370449
17420110442300590408
228047406090931252
14584915311450982385
16678872678452028203
3199159011281535852
9049705862709782541
2647410830759928332
9950793635076196908
11949378371700009476
15796717279535039905
18013774517428023278
12257607687266856653
13496237805503009673
4194418165362337074
1665405364601048053
13632799189220533004
4041551661028267860
3506275708963754854
9644675500333977093
11083389692774390614
15594254662344082259
2761671667382081012
2459334063213605000
7097398894906440801
3532756859171361001
13583994600015236337
12134487973149918283
5332280042133304179
12720552063835982358
10945315631790307012
3889949897525263042
14416939525663970093
14197994494461881698
12067853770803076067
17372791703105056827
6147602385312497642
6894506263046128290
1566388083518028754
1563455436165871919
12013958882728508267
15767459233376134052
5438622718569446587
4457336099692067918
16444774577941583188
11931640244176080706
14665743488417450633
16627103565727875131
2996537256456455804
18268501131305394989
9706765693146045725
5907288271014676083
3902681921622619159
18189030888455962295
9181183532865035750
6051953819896086467
6647869872167859326
11947863869098909596
1463968604238955790
9678883309845159939
5784365309554056683
2755932017608486105
857488583143508931
8107066107303036285
16221518393280285332
435183445979985950
10772471338367746634
2226651860345767449
3675783697737813290
15286129085504207612
5925050194541969860
3442594182944192332
16394915474490955738
17295840089618623448
13517024838177706850
9711846229649983865
15013983143124887609
12244997443680144425
14830742685330062914
2824293561689687666
17209263363122631606
9858634608026075916
14073736019630579437
9816730549214166943
6019957641407641563
4213840475808145634
1513867224881241571
10916641283037754298
6559042231513749376
8207678339663924452
2001894338352676422
9570439799698321874
10016425785058191367
14087363284512396584
5345748209693889052
13265363905293070493
860575552447698426
195379408549261169
13605047017652860942
9825661199324947455
9927148945359933384
11316323202762858599
12454923686214058148
4093729126447258951
13596001609244805453
11740240558335940330
