2059362925
447743656
3742510420
4079660388
911943480
1959190263
4239284028
14985183
1978882852
2984876233
2083327558
3095427999
988688366
3777612108
488407410
1412944494
3794247419
772277339
161351605
2301850514
2305615437
3425588497
1976657239
2455337776
968664436
869072793
738315466
791165008
538281463
3095068908
3599901613
4146615015
1539810688
2246282438
1595096136
1827835995
489749310
1852621193
3446152245
3107365093
3757711698
3589924515
4207820254
2771504385
781054427
2108425410
2103887916
2651573312
2037382888
1536406576
2426912791
2819391038
2583285432
3309487907
1101289967
1270897127
2754430754
573835047
1049103909
2090983490
1831741556
1648414999
2027008659
3175524235
1594553090
1800302336
1142270318
3421180159
2897413436
3568723093
3260615686
1427598652
2650172391
2942666509
2379075994
1992627118
4223296068
1627871437
2050923285
1579927924
3826042817
1389870696
2912661286
3328201475
535239891
34334283
636086831
2438079992
1003743286
593683806
2389016267
2682864554
2335281344
3321711821
2139295789
2484122682
3456737005
2651607116
2148284416
388340096
848193185
833572214
34662327
2238843201
1977578533
3864137186
367788527
3266192623
986457203
51059912
2613514924
2159816670
3537597493
3259649197
1611643649
1208182667
2271296933
726102995
186098208
4251515251
2971037102
3714688063
1418494338
2683623401
151183785
3297140679
3376259005
1652115046
2666501762
2571162769
3618451069
446495723
569880009
1504102664
1801504985
2551319332
1857239780
1557571565
4187343873
3559856450
28540260
3846366642
3430098875
1923479108
3401498931
535031029
2848023705
3127739000
115246315
3403139070
1683500754
1744662527
1480470766
475539462
2889450845
3164244853
4054255191
1394029794
627780781
1299301926
590124212
3291931884
3533601796
147494106
3091323568
1156551878
3746656914
1111636427
650487791
1076728198
4138590729
3823175186
1271960472
632543004
2199436755
1970100947
789670631
24225393
1163738666
2194636214
1994226833
2488807171
2096235501
705022091
61918952
4202306313
458704069
1244725484
2220200586
1260441089
1699871602
4281087131
2165088047
1461829104
351908203
3207291248
1848842290
1360390443
809618960
688533932
3892500433
1644899523
4059075792
1695315415
1790956355
2329637942
689197830
429296945
2943163753
1322289360
4066778903
3644484069
3305797655
163695778
3793505641
145856954
3097564138
2655416907
1984519756
3718737474
3469942454
359118770
153380011
982576089
4142481129
3180445792
293931423
456854828
1045713448
1572758933
485952351
4216450546
3455651448
1669249449
3761623546
2143931272
3724041597
1853681676
3737892365
1149514349
4283932919
2896335148
2080647567
4087453747
4182814394
2226079838
2315114535
2818966308
1105397623
520012940
1990392533
961489666
526227096
158489246
537646477
2663799304
3080651779
3569937198
2373657208
772914241
2473548618
491195756
1923718816
2695060211
2276185983
2947956737
926543516
3198149603
1884647471
1842724170
1301088226
3365098764
550513295
2506519238
3448618289
3682249194
899887195
458401397
965420233
988369290
3092812470
2502192174
3673260652
2406935923
3502656542
3512842053
4076720852
3366415962
3585195398
3812367678
2016008446
3456819923
4254614735
552075140
2441596541
785134543
103635034
3796981645
2221813188
3832560201
602115283
1702324772
4106304729
1133551031
3926504727
2299238977
1697018175
2285815234
1950524631
3428816081
377371753
2400100692
3718769276
548492024
3804705184
2154189610
3489785221
2611970928
4227738365
2719904895
777697849
2405290396
3910796259
3681312510
2434218602
27366583
1371996228
1931659178
3798778105
2703196138
2315949253
1892934468
1031151313
552542763
956352850
1208602688
3151776605
1610248929
2661949698
3882813201
2065576061
307942932
790264093
3856979443
3843339985
3837488848
1898185865
620645237
1523204324
621219066
1490071508
1891865975
2702207963
132451372
2388776670
2074796953
3137784159
2018331619
3012591850
2204565792
2213236139
1602587774
2567529363
2580003657
661692874
3665862923
1566517936
722280798
2409439579
63023222
739712849
2469908959
302747013
2943366907
3152490583
564161072
731061560
201671745
1715622992
2900118329
684634708
1853960701
3353242128
503290180
747277170
2276255110
1393537899
144943328
305997391
3135306735
2365656345
1797677274
289555150
2594167873
1820911725
598877109
2422150835
1612601634
3320976573
3200554640
2533816072
3743096189
1646113151
2665537731
3179450756
2916728106
1331758215
4241656671
2999290484
4197166728
748905430
3353847592
3919406096
3801986858
3784935358
93529326
2123008826
3529568519
3547556323
2879910916
1613701738
127874027
1877072661
561057953
280415983
2344739563
2366290876
2352627643
36152700
3922390962
214318908
85025916
51336644
3001199640
1582593066
2058584791
3671924621
72558841
78225144
1126703452
2010932364
3911116039
507791573
1534898246
2235593233
599068189
1060499174
192369353
1732465322
1736963716
3577008128
204043781
2745384778
4142442681
2012999746
2522971506
2603308653
3624351310
2770780950
3721332437
1947899784
324235857
3668505587
2392611233
1344366194
2395903978
1907600684
427850596
3345702673
659206118
4182934407
167101224
3282249276
1056016989
2144593249
116983012
3073066379
291445773
2145129824
3472354084
3984082001
572536940
3700232548
1686275281
4102340762
3177377983
1231808834
2646083721
4049292051
165782535
2653066816
1365990037
3154717847
3010516110
2160015939
1143348446
3790424971
70354089
4267460507
4273694764
2331081307
1358066025
854304704
551450850
1116425488
237330264
2363128620
3871374592
773411307
1685523741
979809767
3242300028
2647538498
906989953
2140056121
3671420932
2309298364
2341866569
1038454927
2569360003
1508221462
1279880639
470927262
1301075505
2611059999
578752445
3421505177
2341694611
3518459960
24752028
2171441532
432025071
2522896880
3140208460
753560455
3303932962
714483227
2391586269
4198461222
2853231664
726149627
303335532
234375433
3429759319
1566666413
1652736375
214163446
2988832244
836363463
2939445394
255292432
3277877153
1815390601
220212856
1000489637
2189981270
1830509716
3284746636
3057206716
209077503
4076652911
221634317
1228185625
3197644968
1245699300
2818542540
955926228
3355874623
860856951
3208031694
4004568205
2819828261
543684448
1558099440
2074462875
218729319
1030029595
481582482
913574212
2466927259
1176449728
3800249597
1311217252
3010893050
1988338504
2364492662
2777751890
3051087486
1153779492
85429151
1025834444
2480737224
2995585557
624358077
1944131765
858169302
1857660471
3482891856
755510718
518741596
2344936358
12916646
4272098713
3982395778
1904408842
68833800
3397404843
2996055357
1332179760
1276805500
1330504135
3486487292
3464211006
1690184239
3732844398
1004356074
1793567951
826977556
2358324184
3416953292
2216217468
1399092668
1320961535
1494922701
1235320038
236147358
3567110416
2422671532
1180330140
97296771
3861359150
1463910006
500177085
13006190
609598248
1946468228
2546849759
3922683799
1342062735
441317735
1130493321
3829364110
575363903
2239472031
1250567175
2072235493
2570278292
3277267895
490279748
3153777963
2707346323
404953150
2887307204
3764535532
1310274283
2254566995
506597724
1083723036
3500302835
4217939802
865563618
1633301153
3952723674
1627782080
1193147975
3098631359
1340658077
3898735615
3031488786
4293153676
3378270184
2963213173
3601756746
3290605532
2980668632
2062672041
3024269964
2488677361
1337116009
2388600348
2393928157
1313133437
3222464405
3000779475
4155351144
3640735986
2729802840
415685150
3143923516
2192619951
3980073897
934983179
1473496318
3178623638
1054173509
3747747479
1925404670
2443637123
1222137460
3042669343
2210654740
3648540040
2398382189
1604451418
2765317501
873275024
1766373649
4009089400
3780018273
2038693080
1309978169
859817838
3253582512
1687262627
3207150167
2559479754
4001479854
3440990196
2463480385
792490582
465335102
2916133173
3678548021
4157990425
320460262
2217078048
2566661667
685154709
2234528078
1267758438
3108839698
2616363383
1157813811
607574220
2559922751
689495919
476945629
2635942045
3081330606
163050086
2654632095
3547403958
1926001071
2348768988
4123757547
2531278787
469741409
3935412857
1063652005
676058815
2152820081
1910875787
1182310223
4290810012
784019284
202638360
543156779
3627339963
2273630729
3736748122
1374478046
85539163
3084186376
3421050425
3002486898
3034248767
2972026924
2127593464
2875655658
1168454664
2555948686
850146438
1791218449
2962522496
3966285665
170739527
3086863141
1150036917
3144002815
3084669262
445766930
1775063924
17132613
3695136591
1671471500
2773530596
1720196986
1412799589
968364282
371284307
1358151833
3889115442
3734288786
2326688489
1862299638
953390800
1887048504
4189311886
1310060079
3330328608
4116562815
3691893478
898042945
2533348955
460061341
197704711
191490426
4171002825
2423905201
1338586727
1359406030
2637996987
1693543718
3095106228
3626581598
3024398803
641897967
669755852
3646472147
2309508471
1642753086
1139551757
2809151889
821242544
821226873
4164618004
4024042510
717437718
1283750626
3016743219
922550787
4199511978
61172687
1846279367
2548311017
152955635
1915622475
1307460370
1216857188
2666453993
3915839324
3798770396
3538401472
1117473238
1983050266
1232332566
387321045
363409159
3307301739
1181355432
344356926
1805603237
3284754751
2176113596
3162467487
2658043970
3384808421
4214669528
656268612
3265413836
4057068045
1830347337
660914801
2890077262
2776365226
2381062758
3518906629
3231897943
4147643608
3723918143
3500508269
3309813555
4286381933
639508784
1146359663
3742547975
3562566362
1086356444
3303421527
3708819705
2451325894
339535568
834502337
1925725217
4048745847
872401180
3847517522
2462794621
4193988976
1978619424
3357975984
1239789268
1561572888
1967691026
2775136227
2606453216
4130867780
3729585213
3261329750
3133543928
1292090823
2106531089
1688097601
2758358008
272026128
590099816
2767571327
3106597374
1177906974
4258106804
3250449302
2093054076
3064996275
3078266898
2336079855
2614611870
4005038230
1244079411
8539699
1418408607
2670851347
2481651794
1018029531
3251068205
1619701532
2894478434
2367478125
3710206692
1134253977
1651641908
388215508
1192795487
2477498427
3226044101
2054778152
658525263
1009968581
2271359695
305631615
3694622695
2326185827
3391572817
476844849
3696840972
2114633573
937188770
2802255129
4223581476
930621281
334769939
2520716184
729833731
4203896578
1367403114
3987230278
2558449487
1391945523
3564195435
2963238061
3025291649
4117780243
2409838644
3918487771
1838130032
3511543549
3690549473
4178029652
2187282066
767137074
1750596059
2559324127
32162220
1911232229
2889010668
1262692325
4061924558
3115816317
1971016645
3073175388
1389653222
4075618191
1785621292
3499789345
476824432
2820207316
3683881525
3944557942
2016698658
3987814857
822571477
1589642229
2963301581
1389847800
3169778584
1232696017
116975829
3783924362
359783250
3586079391
2210167163
