2992501218
3049371669
2241450308
1296596047
404567423
3059086096
3601417861
740727635
2848366435
626493994
218567001
975276059
1417361853
3043165991
2781291938
404846871
831498830
4114556606
4120562753
2910192977
611883050
1719834646
1944880535
1458182216
3754700701
4015014165
1265406058
123018481
1017769806
1897977072
2165631270
391132046
1512821891
3663396432
3581446864
2072654820
604180059
1652140086
363833070
3501663179
622632389
3553111979
2627144744
4112799430
4264922785
2649520241
1613455197
870279869
716002585
2650343885
480079341
3277796688
1980524742
3284011695
523373000
665837112
1035115661
1792800005
2517700962
1423733267
2293196695
580140659
2977021081
4276153289
2549672566
243116871
2442576049
3780530259
630573389
3660306861
1059928015
3326283454
2800330589
150946463
4080943857
1986905750
1569237346
2827314367
969402646
2536344102
1880040916
3355471021
876765243
964450248
2604446066
1231547973
3576932039
1581762141
831885650
2936546031
1255131668
1287459969
2355219212
1993969487
4023390860
1613328321
2125429154
3837066192
2308332359
4072981108
1229137299
57365951
526206571
1783440832
1145719188
1429462215
3480278638
1139772769
2565872323
3302470910
399471913
4160982671
1235841246
2535238178
3521508122
543938573
59318960
607245167
1981817685
831366621
1557136768
533116114
545750051
3991972869
3062468030
151531905
293446731
4076660991
258795254
685783815
4192833614
3847285690
3838125357
692372800
3074121543
2357390465
2287203932
3804573587
528116456
2827949749
1505506228
1318120730
2553127130
991630018
3628660514
3870393792
1769304170
1182260235
3714969455
4093601053
1729163758
1699474331
3910139469
981745818
4203334127
2599898900
1469178106
2121446873
4031144324
168551178
4125015551
571282481
737051791
2228103409
1879676716
2998134837
2325221139
444691605
2871658851
2676953686
3362368959
2118094774
1854853420
3620898659
700795841
3774414792
3629152291
1018132352
3647743677
3370641805
95790602
734939331
961669120
2260653881
2088763856
1802091359
2105896826
2303993483
2725031036
3322567928
694755388
2422619885
2543579924
1461737525
1914163403
1093585705
847174162
3056228569
1881588490
3126660511
2478122254
2657057865
2889693453
919048294
81303100
3470499363
3697796077
266741265
442669524
1315582102
2414262986
3238291670
2064528889
222825621
3022442464
4129524527
4285622661
4047908713
31497781
585684457
3439956505
479585614
2992381336
4184915834
2048292210
2675080522
513256577
2518506265
2627535452
1958295684
3277098523
3849720105
2419982220
352327632
1091519432
1592937590
325084653
4246820290
3826346718
4126297212
4249295974
1099581447
221473771
3081314202
1649709218
3532456340
3285215222
3304515763
2877237315
3361895567
505045251
1230651033
2842405159
522527042
626241294
1085705211
1539282152
4266546891
2943041106
59963941
4070761967
3803730786
1279055368
3999385834
3432127864
2121404934
1078598407
4009948619
1236571487
893489023
1567504880
539109336
1080404502
2626533413
2606341142
1223904207
1031380872
2629517481
535504126
1986811227
4235018903
1907800249
335589292
3575097059
2818804811
3463441383
873408346
4065186443
1782455489
3288059603
3529976774
1621651819
2595673893
3908638962
1131711868
1479113030
1483194529
3005946962
604239174
2333926040
2330967676
1039824892
520769196
2529721278
3921539131
2255488333
1778950825
3445164827
1608504911
67270731
1075166457
4198676889
407921494
3310393695
3931061300
1712641917
3402352926
621597229
2779332332
4083016733
1680158412
594914404
1871477256
2646623887
1626523360
1002902195
3317394176
170832015
3827883315
1356245671
1041619082
3380896569
2468873122
4053367174
3425974077
1529744016
2166759538
2026047420
568250082
945380666
135095927
114706910
3133575005
1991732453
2739075879
1713973217
3250510115
3386882425
2867450383
594693284
3095251151
1282244341
2222572042
2057852109
2494410711
1299169140
4262214986
4075717876
1295964554
2267576522
1401212236
130727937
684549090
4026862528
133794695
1156843589
202645408
3087811988
76454748
2413062031
2783074185
2672772083
3692177213
1000588260
2811051927
3470196298
188032379
263394681
3772635973
4050347508
95170760
3392884238
1589472958
710045585
1351497789
2725111758
3119079165
1963302687
2569943196
770403677
1695870062
1939904864
760251800
2271461351
3328139307
3924013809
433342794
1708985380
78298854
1594505479
30455317
1188343156
2204791974
3807935236
2001980887
1883053605
2587898602
2269514204
233486403
3264800736
2656996493
1792074809
2313201468
3975780003
3295547879
1518186973
884629888
1251081948
4190518905
4114194078
1143619114
2343283492
3708817431
4250688235
2326099381
3568961792
3518170732
2087231999
662961579
2331550924
1252738436
532079131
2186012607
1785750333
1687474091
638673549
2688023341
609930510
2905102042
1019105157
2682162859
2740323116
2258361713
379928651
834498190
2571694757
1246956448
1150173843
2673847977
3350213617
2271533355
2733277008
3503504719
802859518
678406345
1152790361
2362232862
154143011
3940009940
494736606
2187036739
465001285
2332107908
2173725
1511198966
3507391163
2906637901
1326657879
4235173065
2575146623
3105152633
3642244958
633215913
223673815
2439333115
816663109
2219578291
1961826750
1211068106
2675969884
3952454511
3309461782
866060352
921284756
789561605
3804244608
1819285026
352801770
1066099484
1154431687
3498815419
2663077263
1274401952
719236643
1185476747
4224582497
3543554690
2334956651
3275360211
3360099564
4294903949
2811411573
2421868205
213849742
2389660432
1807993590
12798781
623689913
3818104697
1626307633
800087155
3463468925
3871005967
1166307889
3642073910
1973514899
4260968314
4184856124
3362595918
3962883012
4159973386
3491215336
2563819986
2342790756
4152917170
4170101641
3535792184
1240916096
2182462568
3286488436
2018212457
3982415555
4160864721
1169508975
1529363909
701523223
2390852276
781812325
41339898
49985344
2397287677
3680561222
2103637982
1398183620
902114015
3302316805
3883016272
3693657728
2616732826
2390432154
672305930
614273420
858648324
996002773
2026107895
1690056356
2522555093
3051455363
2592932661
2697871985
3780533629
2379410187
4147360184
2381868402
4030844624
3783698292
1666211371
2588417644
3175902023
3718674067
146699268
2581329521
3952247302
3824178358
2736195680
1227629189
3671985275
1085140221
1831293546
1913381224
3061680237
1319816668
1624916855
3724032
2785453133
811352531
1158054176
4035112157
479664001
1919666403
1351381082
3622110063
832273384
1724032119
2278464459
2359111027
153204140
2271032507
3000518621
3181474741
2375240305
2289258378
181182178
1737643121
1527024383
2852308060
2354931666
2005204367
1504156741
3461350993
3817061528
355369339
1664321195
1025042104
1803127866
654835450
624795119
3229686754
3540999457
884081022
300300589
1392527788
3398376702
2089913308
4019322492
2334234946
1761203483
2172373604
1373555038
2824921222
1841566130
273730178
952123490
1615996221
3631370186
2175290959
3678218352
3809586795
1699579126
885743091
1937944324
3391834365
3744861321
358471813
342161731
347360494
3666470822
1108076805
3451582545
1374526686
1769905135
1062156754
1115177830
2724248214
4145228087
3849279332
3359859356
1202045957
76152681
2223539996
4242083999
2541254243
2133835793
1952493087
2807493320
4131332162
4162426936
543127630
2961342668
3685220688
3211517089
3069188325
2562188644
526316282
2020186451
1697923054
3708696679
2333968970
1903005931
2723361827
165157572
1147752051
2821380888
1096963589
1755729988
2064307366
2082432654
2721200119
1457592031
1433488131
3055073726
2247333729
1476022696
4242726657
2952125122
2360367796
1247135336
2141070521
3805168200
458136313
509145524
3919047075
2955187152
3645165247
2281062052
3029138208
3283924108
3552077681
823277453
2213525475
1775681422
1009898737
2580527698
303029456
1459173877
1643070005
3234597349
3713300269
2429847349
3395790618
3570815770
590340189
2983150301
2585955931
3969066239
1346203381
1560458207
3897918157
2903636190
3206414016
2207818182
421019314
2325453372
3522803613
3965053592
340191016
1919187562
4286699441
1394739057
2416350582
3593459289
3973903278
2170275052
2972007560
4197713216
3649791674
1943950658
1077152054
3556000522
1596364605
4213456514
195395068
4144605318
2993569431
1675287459
783776110
181976603
2546329369
2156350081
3847500968
1720390959
1919213182
1147407498
4213531199
2289578793
591713523
4044311110
1175909678
1291885615
195822661
354298327
3244069108
3053142945
211426399
3245558388
2621432740
3710451289
1354668175
2994998645
133816406
871717195
4209963714
3865986609
1265649690
3065737708
1961365152
4008461160
4281163906
1380495928
1045836786
1530406589
4010249122
622400391
2092393787
191096804
2545212798
2180293659
4184663932
793979472
1806601150
3141047789
2591668272
1112832903
2009348179
1816124368
1776622623
149983680
2832714897
1729802834
36547244
3355086821
3681131675
2503632163
368207507
704956566
1326062249
855058809
2828539750
3277874695
2665183798
724409618
3492176724
3414431156
3456508695
2816962484
3383477743
2849585762
3468095281
23914074
697314691
2062615445
510200308
3961241793
2133676770
4293711542
960863627
1581081818
3028450812
2596274435
950852577
2824918179
707455757
411104870
168693414
1012046033
2648657836
2332513262
274687548
995656483
1232560002
1330608734
3669463630
902906295
3874556772
1282301664
3562402265
475763409
3292376100
2227678551
1059966606
508088106
868743409
3292943689
4032979272
1618503041
888508249
1479775211
1617830347
527501367
3681943280
1190153895
2045219981
1061196713
336326454
4139247838
3913748159
2403036320
3302380666
3633429035
1579882891
319000461
2316371107
3735474029
2948202806
4269048696
3827186598
3450785818
2962736734
3880380784
1792050755
719116645
512053900
3883973650
4003030875
3253358498
1665648132
2415154612
2254336125
1698249902
3750311650
3696900181
2366942908
4125067395
357983735
2209926306
2514446202
377777734
1425539327
2779439729
1349235093
953059584
4233643494
4027939286
366770139
3129724981
204586519
3176989682
1985311059
3732964715
1865402658
1803343233
2232709339
3242378019
2808026873
1584852232
1981174434
1783349442
2462919352
3383979421
1071149650
1490059187
48813100
2043814591
1423374618
2222575655
3598771429
1818338600
2216295280
897075115
3945736881
1868843188
2053328068
1691145499
1784574101
3625519664
675433553
3062133835
3093044733
1049811710
3327853850
1794349042
1458163909
2324990845
3204314148
1612218110
2966319635
2387233306
2170644809
986895638
3720850633
1526087085
150854574
1852225866
1903932375
952797421
1231449910
986770633
2453286167
1845657000
2995351076
1255744356
835571577
3107743877
2752237007
3945498777
3942034469
2096783240
1836543519
2913444088
4280315570
3972690393
2817780689
1139432386
603097193
2410464234
1441011520
1926417642
4010671676
547526592
1280283989
3794534244
865126493
1903248999
2313718673
473835164
187819885
4119424733
3670282652
760947250
1327170976
