247883890
763684785
43444564
2150618427
3979645651
3745730563
1672743891
4240503393
2109414752
618976052
2534981805
3824176357
2868795927
3753859121
2915202000
3844842626
3159807845
3120200270
299673330
3388664140
2730565177
1696946691
795958244
198731707
719412892
725657985
1283475839
1372287341
4037593211
4099522512
3737598338
1449602263
1610444093
2337075733
3618238640
341436271
2079671676
2556210518
729772394
552920400
2225782060
3795125738
2382082314
2619337528
3822968033
1119088347
969120372
1963814610
4044445926
2364585887
2918176166
1729209095
3893622075
1801564164
396905395
1489066763
567524442
1929260032
4130836124
1617167946
3756506559
2433739904
1253458529
2881304565
562417298
960860785
286896947
3771443161
2359990672
124808183
1948547396
2844346826
140255440
3711837842
2711747193
486736201
873734908
2199917130
1184674312
531876790
2132309921
3711578973
1665300604
2570028937
523049497
2582152922
2971604378
1174813561
3978367632
1181668466
1017551168
2825716497
497973687
444057635
51384751
3466202933
788577941
1232656924
1172710979
4120495369
3267525406
457835695
4181672323
1766548897
2682208000
2590912900
823342978
3268427625
4257264242
3867222325
3635774750
3119761709
2559919507
542491314
667480591
364237506
202640498
4170166639
355599905
731679609
4232123844
1402856562
4101809790
3236208327
2965126760
2423998914
1462820048
1344455864
1275944169
665976684
4253730508
2272259931
1273564932
1853094462
2146285538
3226229453
1167184503
3549996753
3037757915
3475366952
116554153
2935383893
2553888210
2211338995
3842608313
851681418
457375789
3334286331
1698355514
3206763867
2369584896
3352151234
41498835
2718387726
1827832622
3967037537
2399209331
3580782788
2289131373
4286574793
3144799945
4191806465
2712110233
1796684974
1045361839
2685201254
438141102
3076843641
1919619403
684851866
3609685379
821411431
889269521
2257251359
1197740607
3058838241
3840685423
2606432812
870431035
4187503643
3213050880
1957272948
2377187015
1381313754
3910438424
3755576715
3882334842
1799434025
456732775
1590096590
2263834616
3895975995
2214627571
437073620
1316423614
3551244346
4114558623
2099448148
2443596514
224922183
1972528815
105495862
4010207010
2627890498
2542885686
1556945093
4293879302
966322086
447605414
1603960574
1791838000
4045182909
1719743934
3447421915
1300990188
956201556
218207177
3467717344
2016842641
1239253849
531037160
3191755255
2055677871
937295885
312290364
1014381583
2000662059
3429111752
3305416759
3915531966
2403866566
2513323472
2152284560
1461791507
2722907181
2372224091
2393730935
2823483576
190431127
3906858433
1578295241
3874482254
4283739309
1268464480
476445013
1746134301
1937553766
962135168
2758988810
849282490
475178011
2941561486
2110459211
2050285682
4015109762
103784
1347876128
628832133
3184980127
935216432
3968407020
1592825405
3632789641
480817436
379763865
663384277
2393088242
2577497957
1375030059
1732447222
2517662994
2563411265
1145013202
3239045673
860159036
88757512
1212850671
2293210197
2495007914
389202330
2266243452
519851224
1957360502
2671552405
2186129276
1754217910
349905218
2350224944
2080480205
480269024
3657284685
2896471070
1076024699
925481590
757086007
3079733044
633023265
1522991681
1484494072
1398068395
1496319449
2176472265
2399730399
2233770075
2000911219
2582327617
3810836244
592635583
2135084328
902126907
2500967811
2097972099
2165331943
2252356221
296410190
1855075398
3670248347
2665057455
3797697850
1722313943
4075485959
2406262286
301333553
3100205823
1255793377
490979300
3371527694
1229375656
2959640757
1425610464
2437187277
2951421538
570405571
1232135363
2008153937
40898299
4037457803
4001097541
992015367
3517504651
590519533
3857946761
1807649684
600640722
3444872868
3867339667
2406296880
1725927510
3951443218
4168721098
2134455454
2947044349
2037299760
2364472777
2210576542
1124551937
2450877634
635285597
82264774
587726130
581660159
366900955
456128093
416925960
1694644213
733270371
2225562037
2593369421
1171306554
2778163353
3333429624
1581352482
2598620486
344976974
2776800872
3299289519
4101500091
351740163
1894350460
2991820968
2874557034
3317541638
2339501569
2973610515
1319307779
2576500881
2609893067
1584562484
4226421501
2770796415
2375859279
1835877948
872989377
1090506106
3965531062
2113169995
2679077327
356982177
1756357054
2468627611
2417229701
2604746946
635311103
785065112
2967532495
2308367979
691140201
4123144197
1971967399
1324498207
1560707553
1053190838
3681947810
3436439290
3800922250
186719012
2114421568
3831326319
3587178556
3429315071
1898340964
2915979465
1435280477
2812773219
881444278
197096668
637636678
3771511483
318695819
315760509
647882571
1820100245
1708098645
209893203
4053120807
269703475
314603158
2663219039
1001961535
1995043583
2370231415
2129934457
4088189060
837726201
2756289114
2015681616
980107776
2900241638
2038838094
3554383617
826705750
814265833
3456569446
1951513932
2094059745
2501416075
1269994676
1264044160
1479143308
1396877946
66619959
303377322
3337229976
3815000578
1113525827
1256461516
3127927991
1066502364
729043465
2364343568
862894056
3931532661
961789306
2811079580
3706125096
418299767
2303449992
547726031
3598448785
3019726373
217639530
2528254115
3940233752
2583070843
3958034365
4205264152
3783457254
3271317149
243807291
4232411666
311671104
3735193639
3498172622
1761014459
2040736811
1029007012
948953608
2033873831
2629064804
1132573022
1467391394
2448840561
2114361777
648765203
764859132
691393493
2511039766
1045989234
2986769539
1126697734
2600193048
950561019
2337146917
1072747609
2347005175
1888915978
1078842713
3307554969
2246277335
2273829225
1474509644
2045486950
3107367237
1437290295
2465496092
2758901440
3531243080
2506635390
3906135189
3750852893
3277666431
2261307740
990378162
3023752544
3071207590
1420249444
2773690046
3066589476
1906693665
586896272
3637229210
711470411
2250506647
3267671739
2146721469
1637328342
1089578234
1731802543
4204629522
1021161320
3450155938
1228121588
419821786
3991617698
657389835
3264606442
2660006549
2104608754
4139164623
705362537
2788656959
2291260645
4207764226
1503925212
3646209648
2051824793
1198837318
3767778122
1550303299
1846139592
3218431949
1752667686
1693666555
2777201533
2810978262
3284916555
1277701322
1065388988
388040482
3314405417
3143065682
1916233561
3920847424
259281535
1864824293
766605716
1140714167
2578652759
1789114550
3928526684
616507176
1622441912
1689278007
1941568754
4221416310
4071650759
1772243474
2317230756
3285139618
2186777431
834732134
1439931351
908223286
3770044671
2745752329
788623237
3517059008
2639048760
1906247939
899073095
3130616242
3401086926
1283184489
4157780310
716258972
3754204861
2576983551
3352565581
3048733826
2798035686
2463077147
536914589
312455931
3536290961
763057540
1063634237
488328653
435477306
2878787777
3257537185
704545861
3326830774
854544479
1438198341
1334117921
2232986167
2369925340
3835665694
2478763723
2415659886
126545772
1739070787
1079479325
41265308
3336307990
1737368105
2783025246
2001348974
442466180
3555344507
3104842980
1703478467
3052492081
84449613
590508254
1704423370
4197007166
925926115
1462782232
3866068514
112837589
3678608516
2800885322
2765833202
2579046596
2198011623
1899410090
1460088013
812137030
2823707430
2545707600
1182719731
337773161
121483431
2527516486
2940114822
3000191980
3554925852
2913877167
3661057381
872232332
2586776421
1810454514
2182338821
3008701872
734467932
1893444769
2791342028
3656058471
675607055
2897675935
1658108674
620956252
3880293189
3526657118
2958425006
872065816
3834154888
3278693969
3802186185
3356569445
3044384921
1871292450
2364555159
4039855043
4188361844
1539357763
1233720103
3582979363
1660320717
3897427696
486892187
4085585058
425319088
2368277298
4249777045
4245862359
4160883251
3390386938
116609652
3748897837
4281572362
938782556
2310132873
303951380
1687320636
3673566929
3471665460
3754149734
2509920425
798797724
3195959345
3342252538
990420899
192855263
1558863568
2378507771
3554666731
2502261098
3148938756
179563359
3250083574
248090155
4027748374
3209480317
3014397404
1340195884
1986944647
41620443
1350442594
2175819602
2259563457
4265952027
1506006004
1926897149
2534286091
3269344027
2550540104
3690061064
3631470943
2280016484
2874130592
3557394612
1432605540
422860544
2729125121
4019021288
286986714
2968328679
4168738562
3832241239
980021456
1050883732
516984098
1952172543
403894256
2223981225
3441502113
1486807598
3051640026
1381216485
2748053905
2368327249
3299593273
2831222901
3132350640
694686733
772137691
1567572078
862792272
2693192944
1606531361
1416105174
4180306757
4099058007
1388068212
1858106771
943576119
1954237968
2205148210
933528168
1761714576
257846218
3144369470
1997174314
1159892114
929927309
4046861955
2172524929
835199747
4142269867
1133809975
1776493551
421243241
610980450
576368709
1134420677
3136139327
3307029216
4163137590
3298046538
1421117605
2679240123
1590778846
4286267088
2520434214
1841910739
2901278703
3085564111
1746535665
1317484364
1355880048
1748605094
173493661
1645926905
2532143659
2499206167
1858525674
686888027
2803196648
719619493
3281705822
2973918653
1952934029
2466854604
2800817689
2127653543
832039787
801635981
402785630
968909727
1903510390
633610691
1018267692
3198715781
361185689
2854574712
2418625090
3844301238
621852039
4096089379
3955028500
193764120
1111717429
2355807825
997642964
711159350
2527567649
3484765019
2837632600
2612686364
524153311
2971460041
1052611581
3877652242
1557922943
2454160872
2287834509
2669999967
2122221036
1184895038
3355520283
1699120597
222824714
2956414250
3339985687
1933989311
934784743
2655283847
921886906
3667811499
3022793183
382406062
3736163150
3427367770
1054089973
3921868683
2613047306
3573614344
2504152185
1291354085
504865989
1938306721
3235526179
4180393612
846687563
4104690819
2233379457
3674192225
3290257609
896464935
3888986626
3228046785
3070245003
714815076
203646105
4069870256
3090324956
3940113228
752879193
2554816819
2188372419
37480608
3318940031
3472284958
1653621763
2542958805
2299130641
2929697388
616171851
2695171524
1420141371
1461457180
804514007
3610270695
1916210880
1659621446
627646165
2332268306
2125577917
3231409217
162596254
2112939371
4139933160
4163023433
4031511408
605137503
575004772
1539678715
9146495
167429235
3038130488
2727191799
939438627
3224045375
3277705254
300154603
732761904
4288701869
647342550
2079164531
498903756
2217214403
1087273497
3945366380
2493601826
1828993694
1570966491
833866656
4263474972
1614775829
819643498
4248469155
2590212397
4195677850
1034754724
906972951
2130132934
2939236561
608097630
750714439
157618636
1666826595
3629055231
4113878374
2815259019
1191160154
4124923709
3554832967
1255777202
355774873
1279738942
1982842642
2710822893
2825977166
1953963709
1216958548
938856624
417606721
3697524922
