12807387820924826758
3110270861958793803
6859971521355088078
4346000082310846807
4899364177239772511
7855858049912945950
7304094384495341566
16009205867472085379
3457108989234785385
9719006396659344488
15286216338730886606
3768685326465916335
1001415146520600388
7022115553919085962
2221670996834815801
12510153280284565163
1391213572184434276
9177443734852659589
17688501372491784972
3809173024652332705
15735104724566217228
12910629402163314391
4937425309284197319
8291514277114199210
6184888605382621487
11614442206573027046
13805338344354133275
12592213173963193267
1282505560373956138
9305796565668773299
3291039800888048464
7405561885279066685
8531534930118753815
9422688410040399569
7070340631511178063
4038382077655875899
4470489496466213919
1419470344138409472
17082081498629928050
7411445934875577316
6425319382808460477
18392268194337111997
14848948171987422020
14966721443810624666
1995703396364612738
7561009295050538895
6060384253742940297
4280373965100420271
11204545542098812776
6922290921711116640
15643632809002514376
16930978614281331197
16086889059509060442
15517955893570451160
3380270558215710461
5730822704659427377
14469066007405411101
18426713586975829307
16813004458469579845
2631178603333062809
15453521215849636964
14726098975719007783
6737307811665161097
8749476609217788987
15431841495052561751
8495756137323805368
6002151484311675354
7905294551695625412
7493327915958057913
16538255194462549669
1409076386258942110
993413800016645430
3448538709885793017
8142772897516930803
4178183293888912693
10609938448993532532
4356152591343628538
1553770172819491347
3491709834888884180
2440516911781230103
11592859453321745572
15957509829027058183
10220490249288110766
6986567152422886123
415805340441628899
10711174290022112151
14799487037574359996
8722231803779204317
1026841843892448882
339255493317154111
12823276375326076497
14110969769298010192
15904919080244293423
4512070516353699104
1106901175756042321
8820498606840279459
4567701690049683631
9264599705372295043
6086617549642170911
4949382364254002953
3474920577514612420
1788420993121673713
13295026858176132872
12718308984831873955
17475994172128611597
12840662642508701569
4189081655339385196
1139437829894129883
6539264157517818313
8936421258585572684
13335135987777848373
8415093150992941878
3938572672380979596
17220693306153747648
11601068354372626098
14667114316600185271
14943223860312979826
13799496589819368338
8683920387445211862
15339033735109264392
16082275813110825494
6931384192085786545
4618304926328866036
12065675237259475451
18173846626718245546
4091885600300982082
11543288551713530064
11679450709725257500
302592922567948018
1864773095067882847
15500140687870646280
7592247716815416296
1317380760448080040
2016813619566928699
7522696367100757296
1990494456816772692
3540015698271490778
12008395262052824835
2179933616126751163
1283924343654811012
14187473627414058835
16260297878345170492
17981712954725497839
10274470473127550346
17964715502230987964
16336478362982320290
14990492861160155549
5269648459624659243
17466358914666357906
7042037173791889070
945978104793946901
1118657947808870948
12081568155165007620
2783069916567794548
17299959738204761508
3429579955565618622
9648986450720500420
12860352053230781565
9875659131379623613
8987454074454734306
8650650583740071168
5395188955161731312
16184938235440159091
13869193233516128705
3940302965100918251
10195775196421609799
4590853328419019279
14377707606896304673
13182140953965951503
2890716017639194467
6313176484516661031
4118112335477164989
7174077394012671589
1639137520208034364
2978595641301293305
10094117298421878283
323219947874591662
9870707552237079935
3451912099088806020
16130962718482165023
392357906572055129
16063576710376252542
3520800421301248789
12554235490708808523
3394648698821321207
8361438157190869121
4912273520292581437
9472104486606670960
11318539464874051191
12353221990859745072
6106967946420330059
18009224079055234542
15546922034547052692
7875048518541570385
12614877855063194473
7882829334675856067
11137880155611157412
497000499803599628
8263821495399267690
10371302489096172862
11689001084754545473
14876749904873586309
3728509015933506412
6481226349617606555
12479322282863540040
15581723533889593930
7234208036803972854
1264278047190695502
1900296034633562779
3967573980403624886
1434762894070207353
399075989606012171
13755539813762181329
1728265816977040298
9326377305844173957
694099572303756868
4017419969934394213
6456198028083178655
15130983789064915807
16929254240542844981
13142053179542445162
16091712313955989681
16031899143207183162
9244113279531105067
5304780568503578815
5226477751862175570
5931106304948722155
1830369825194731821
13582165853157360907
4986116358297938604
1295404301490215008
6776448935092063810
14786439745936367806
14470242113225820861
7969694460467005993
9363114188583322470
8149268672584899186
14877812513585097920
14117197670519194498
5394577617328257815
8299363533421744288
8076967461690197551
10618586195676371183
10596469379844289248
4872290948169284876
16414743015795456514
1703352079206282355
5788923313166201122
1115976289176056324
6440047514295379437
3271355776909144210
15332911581931997392
4774644370856032520
14501670718709628451
18289381819913343028
7481869744812877684
4180563126346785302
135919044654068002
6877178220696168525
17943710968792460074
5298982787659577521
16127753570837314455
6741416982824460363
2624939718849665662
15471308544688425354
13129572921517060388
6216294348303268450
16260163125461629214
2877597822362985748
15165885101159841271
6738522425504271980
15991001189436588345
14733335184512432517
6587176029955144570
12062346344549403730
5104533022667417430
12323745588847409128
17549861158516103896
8581363187923566907
9687228027009984668
13412298188043984026
12377933305547725024
9502208262156620276
9161723270691420284
18139833196588101611
14500809031978251973
13678497749198359352
16175471420023897676
17767758499893320439
12187483197496884106
7058783351233352691
7249555942893934157
10809367558797922343
6527317800118962860
5369375854848874076
4961604410597476638
17560147607324816534
6724127792793536407
18165166218318868767
6812047302302142070
11643724967823944596
11217335459814173980
18008870054085545444
10632113287280628616
10156267540165372904
6718660183571327204
11776916902509891440
10552839729985720139
4108692362446474647
28376806625131829
3797743168815838013
5287810466496092066
10873265787336019305
14186061123912799295
18398969087957559744
13819614975583122817
11596750770659621073
12677307028645108445
10803249940360746749
9042524433869670269
17315958621644632683
12538688720160028385
16376651622720153672
3402774009412164996
14692316053236485133
14907546526361298161
6016751601143657704
8530087507181719449
12044032923058136372
18238385000265431962
14498320921209443299
8274026984813009766
16046572061104898764
11299578494983272896
16359803340293241827
7454566717904045947
30637195145912215
2812033720681754129
17858443707894196078
9064485912431418369
17194973883152390356
10469021710865525302
14692399987599592083
1607212908976139915
8699341412334413423
3292667775283593912
13811138730976895877
5841469098401835809
7313930724956090406
15213424186274245515
9706275525338261693
519417179004306645
16153291137193655645
13884777472574272937
7110313466794628741
15956579347140883309
18082039722658887154
9620719775783233784
6620840452353623153
10205652037655968254
7740292482204032202
13750907745317654498
17934118122215484592
6653873747217211747
4098937841480789522
599896642631127835
4110706962696620792
16891162106993638932
15069153748785987992
3409830486106513992
13997273213076719999
1713218261282629712
4006473577195419937
5919877037101695190
11339931395610792467
16032024107368011493
15615035217953334341
14637234359943085112
17594623948254271784
7421396820555636110
14119401837450387061
7726236322858849722
9703891171331072910
14207693891880069940
13483281003315758771
18362350584047526442
6835533729661145796
10679477674364651821
9234508554590698419
9269231360162537707
16145485847288649259
8380720043615263081
2424650363991633569
18190837038919567697
2197802056015619096
13131464691808971779
10795000059310710176
139190212534809379
7758914719035035174
16866217324587222323
1259436814368139524
594055585404085151
13869209966906794365
1793226272188774449
3337618830196019437
7873639312097745381
15299926469645227024
6281125351720604829
8714944972102776616
10080020261799466824
11805278524343302856
3190469439953771302
13689998940696886610
13581296739303021649
8144934170229265013
16776638287965138370
8657315504515610140
3717617848664643116
12563356269526922546
6940093192463311909
12216792689053676700
4188793986918229196
12237907240684567621
13026610972204373270
5112959251916049556
16283097141799205608
7317645412292907814
14408995669489131884
6372714334568775813
15385261209711570281
15615006201185888677
15306881618166927115
1803386437350108258
10236949154107413033
7196145621504700253
3745590038583252327
12379469162323230922
17575501407838777438
5630038651486475207
1501916318502525322
1997101568389598275
2977274173289350349
11152603684261754508
4678478472275819696
12433515179774080763
12367390787401720998
3246045565334009460
9726120423786956780
2094049296154749824
9760643320629488378
13845210205003749460
6171117680654062292
15294026470654944698
14885828897476838908
17753983210657451280
3495656482727182113
1159884760501484218
1501142910328295810
854566007360330282
18430669713121687776
524008391378427332
11064094597116589300
5701839882098068603
15007176002040522983
7597797670614059710
18059917416220441908
14593483855546061910
14452726114203274284
1701662595981215898
13013840278120114175
2665087230951163807
6216494535056819679
11340655301292185268
12418860589745311412
14818692703124877893
13553029563289281962
17951451190492294730
113891058621028334
9881654506484490872
12587406309396465112
13727477704639771180
2088318299211925004
2591228046965808668
12870411444105749576
15301278188887532403
15882977897525084248
6799291521484578008
5309072069006052202
13316002778732739067
8562830668489568440
7776119116057941206
17105439652424600855
15774970380547218664
1035913510091747170
4964450231978475740
523649617187350149
16675669397043830311
6560435050584299981
9775118297141090960
11472498993847174799
2341169877635055810
17782494441038721502
17236851793416669894
15832629535309403943
2919614792298667109
16127037922126578463
12922075758654332665
6921759139199789438
14921384853118635545
13473207573731793576
8250857858161286926
12997091841797379133
2880478104567814000
17479186958604419395
613208975429329858
5072117867183562531
73049443548393910
7609709927189606708
14816563341296348292
7830169500319133962
14190119543214907444
6357014880482146459
12132413477914469087
16115626707249876254
11624216308931036012
2790623072955316292
11922302986786975477
10248113907953524463
17669990130208359483
3098501109653157678
5548724843100350224
6108214170239917612
3366377451803507421
7370542152321652992
15486991612590831857
8517279469229927822
113247631012394527
16487788200635988492
15739979035582466228
9596805011048582271
8046015452415370353
13399125403097685113
104040812409759612
8279068227560610788
2485742626463970842
7974526815775407014
77290390810914460
4603280818481869241
8654017330471379673
7140444450549769038
17884845907431776053
11678038319553593384
7199274529076016798
14586878841646498193
4891203677185083978
1251408625931421983
16201817112091096838
16554856131952791857
15235315834583175721
2146255574991378326
3856501005125404317
11461837693786089054
5848713833584751127
543682472168240285
4871480165847078252
4865059235891790460
12589176734237764351
12484194139870514231
15202803857627089775
11607766171584967887
10597681962059695385
13672717533533459659
470005768594629059
126594279908678005
9183240437969550740
5019276968119268252
10135543276290643262
2719822142691055693
9685164444877815730
17266138853640586019
818044489928980253
14179310449285549854
8634654828440418610
1060969335936950823
14008666447231576468
502025829842845368
13633651398569694585
14262997250748756958
4596965747046988536
6875670125310077164
1319917519391379566
1911024978968055653
17641787856388089895
9651875477447799299
1794061322092303851
10432349865076158879
11483030409131828448
338931369208844633
14983104413378069094
11036312860001646565
16256340745571001755
14548705833387470479
17397227399680431126
3090083188069969931
17010448921093596468
15570832581715375681
8965946086040636122
14838345237192131396
13426369128017155742
7834831641904416225
12748948247519942960
14296738521513622005
9795007875788032202
101257672030613212
12837123732407787533
1754937662112201199
8229906239057352802
13729081729653198805
1254986973411891634
10733482763024457893
13421302581259068971
16414359135674348951
6023379946143986954
6700366671830702237
5690534926346225426
1207567108727666709
2911851312067631372
2623893348513234736
3239670066191021238
16365670688589384305
3505957183676248453
1560775195360424544
3729731437258619489
13778393948329609801
12760791146006574476
12159334087988753533
3882946287959741042
13303756983991970348
1947078165017310770
10360867801271095496
12361876761208042341
3510118213667105815
6088207100235014138
5248729301681903093
14178887590934415452
13639303608192919201
12969312424396390519
12230299187098728945
11613515080574293683
350091370532365511
8126134150743241067
16969904878865238934
4878328282107154175
15050382325541218851
7093695177184721997
1769104086782128362
9153866774001215845
17931855276679746565
925820885530859439
11059128776647010512
16373355706222360063
12714496815332099162
9973001189862936316
10095342139431109916
3174336626363451488
10159401912612268861
12380831124608831379
13696315843598578420
4228560098522981244
17748332322170299685
3066696502696506780
8514358810008966412
5834985777567748013
4797901985625243615
12035254969581232531
2410594879967016193
9515658556832477208
1493037398731105924
12769875630490954720
5059050313201939414
11831327440989376084
15254704458619194155
9675445870676146641
6202333670971174804
273086363795720800
12575874319262715228
4878861148634213079
10677130782722431850
4196013857796187031
8495781018345673955
9558501644499182039
18426224320988902478
14592032057497677970
11969777411141779805
10449178029949219643
10219556842727855970
18345734710519362223
7684542761090917845
2337511234655629853
14547504055343540201
10912084996026215757
11681302390220501419
11664634925585421153
11241294586191331141
2934988156240697116
3450828513216002959
16194032731016665551
6126642286574208685
11981226832447031319
1557889034628320712
9429994381774792660
10497021381700017093
9244063686271303433
14643182717954439104
13928995074329566359
1158992741446115661
18034020881837721351
4776895720572063288
15610659444730003212
2071880217020653827
11690274920122610602
3863085314483961744
16547306922841265314
5996538144870957020
9953937626028521085
513230316077351729
16243479898534326439
8649622535872478280
14133304777861691654
12212240061834407327
6560928752429575185
1844503015350467988
7465427672568384646
16204969729186401943
6266786157644787664
15642655492391587392
9961115528762518601
15596843658455991274
2424867279614419301
15344432645066396914
14747862893587933797
4931258615638199246
4834962007444968883
15172477171756298770
7783154401308162881
12615160966331151513
2438101730821534595
17993588395102619812
16930646683458875992
5651495726064906151
12430714053023710889
471412239749470286
13793325237663652228
14399024813744167534
12497449565228099858
5567516063212238128
9464465886036298081
11510079487691762980
8567306769288570842
13329219861299973895
15088996370480362754
2072930803440612283
7826200864179358995
12100562729342894986
5470339450817365834
1491656054382289168
10931053997705329970
2860723820393625450
983804645561345200
2351665600866054287
15556532426749088193
3363739355947892096
7715606147593466305
5076669931430129510
14361379791947133824
242058458170954829
17109975945549742446
11139601608316084069
5641019889104937411
5552897394641710922
3745369647084415684
13026934373985359508
13754150326484494685
5842813428670968413
1113137930347073562
13615041316618134179
17389563695592325494
5314231608612899267
135629063643437411
5523844431442990756
13723077277481433403
909741023736021776
17856162458758772205
17897050294682980832
17465985192363935549
14043696244009377439
11330019953751944423
3804996409489335143
6019870758713911452
6249470466784776886
1256878088666529140
8097741303297421735
18309701129707793808
9791059124431433889
13395677756397192812
13300241631786687089
12450022436479985642
5219779108172835545
14784715870227768828
17124269411620869795
1662757136653764927
5591812207041131483
18156546009650763457
12687327481837372260
12033887007648506177
4030985208075211032
11615676459610570798
17994468833811889515
16310587383187421594
219382437878211695
7314040769559532142
3803283953969914412
13545965316668024783
7289136903723049241
15992261844767855663
15721585604501719434
1113650340031493471
13101014048269216733
4507210911921136481
4388424895446338315
12022035313340771122
8896291171963964246
8680001730633466721
11415824166614165250
7082811380113876620
6321292571441596981
13727484724166076716
397229434253887374
10996130860791511666
4026210808808818852
11519313379341765720
5342678640059518136
6337444927131123071
17282301919751144424
14934276720757862844
8365317187738381251
14659567898987180872
11036884418416751954
12535329887111165674
16814376106887959944
16605416642146576785
14377959627515030936
1918425949345605828
8490501450244719845
8182356684530164359
5602721099380154112
15504851063609143090
9535393286979030789
5493368440605323017
4794656195472086052
3129500694317732094
3812908009116118595
2818418169352853559
15449461294981469527
2227269231214889581
3680526623230012230
3335148323981809175
16654790655088928842
1930467499597942686
7793343567462227514
17244145666990823906
16335663047840304521
5743310711670135137
4433573905899129554
14051457345530329021
14086619138035655856
9583517313925287937
17453044276678189146
5987779735055345286
13682876616923090271
556488168130690002
12585230342540148663
10433494963479398262
15744833263518832508
17953930587172193600
17971327111527442999
1492701801879276897
5855942752661860228
7646040871807105982
10649558305646868786
5186203283406340019
13703861381051859248
14495589519962503058
5569295509703036466
15919864064445517485
2167831465471325711
6786799234898693953
14569463151967225019
17626637639064310328
15676510303199615971
12201034169185052119
16171850565992776666
1424750079096096927
2523047971700551937
2830183801916834882
3170707240839963115
9818548330330977848
12529034007333199213
1799063935057942988
7813021848263384943
11609039431429836708
5961742758904528900
106021030450947263
2451057044704517245
7380920507266480724
9282354869506283589
17958615449530499762
15793052692883708845
13452703027347180889
15984735739451478877
16568687876686593950
1468462187822644572
5385449963509778873
4978399525307683465
9037815566474506606
537602317483201416
6736440803019267684
16075905264749939607
7516724665943734859
5665935911501000444
3753696506062309768
7995368066878857371
619727495475850267
12077878303859835277
9915854805401224098
1405137721341023287
8980312301031562073
6131110632003282169
2105573668340100530
140297767383953505
3022343341876354025
12137119792040191865
15936886530044279982
4290032437663716702
75156366777332448
2388854607300448264
5471233271103499027
7214720678115696631
209759899273323292
15878141383317968656
12326762627550617206
14540218097899403019
1696271977125921291
2687352737629518367
17354170222289454360
10649013670812612995
16590750904515238775
6364710241220211733
5166830721925218250
10678094309764075658
14085948082858735242
10171493963695441804
2644146937889673937
12085515231477829076
2763723549630045327
11760978866926858773
18249661099871717178
7766924237383285721
8782364805645925972
11408599904805422618
9459287172995968258
8220743165072069435
1798955070393796495
12765531390379688475
6358540437945868751
11640430215355487331
2489979523913677411
11989581894485816925
1270588197647266622
9444747693962044348
592714460647352220
4104027541315557171
13977625712818942287
4399276875368521049
13703754311271792252
6802621940017359318
3107368783023103512
3040305008576448343
16576340819665906418
8750923840338432746
12633337071576158465
11755623680818353274
3367223960830653742
10651584335103299504
10306961140374713705
9814899234952964404
5750956585735971422
10362447274787963576
4613091122428613302
16609166410010593089
