12579167894606310394
15489721226188558055
5478606347158682992
8497804953142305829
4510881455294370903
5678729484908799536
2566621449320568704
2423056140078643497
499629765814386640
16279876346350107751
7833399529819282980
4412377468184463855
12358253806906404632
2368788466269060146
9686773527930187707
7486758266055278893
14595291907424797307
18332051102012787368
1768454417945675974
55031480013350500
8402072780463987737
11214952180215411287
12166093631316744546
2554122775702498300
6638605085504023575
5811299936392742051
3891262912512956681
15435350285560446396
6588280491396602797
4580083722546046389
4546524188772539630
13254524684093670531
16558744362848471892
17598634192153861336
11611516126852254109
1832808724032953975
13797164495018945756
6347820876831111058
15488526404496278488
18305119548992250283
2806331622394903726
15396759939841356543
9751402491372998871
7963552493772060532
16070894692018917430
17266316090830524930
8322556759792923797
13522217210305824926
17787314961752630405
13688209733485770174
7056740735414300135
7909821169053099985
5306275284425973021
9706118136937326724
6273791532959893965
8002656651914924890
17866527660912900728
6164975592378203077
15522629485235527126
14043276343931736496
13752909012384522307
10558179863718384081
11571637921251072600
4550818419705097890
5259637039536715236
1948590792430425443
14123345152135610907
1536375242952630657
17930875717927032179
16698967061973949365
13793888285505250028
9363240129377334030
8519870522016195987
2977316987615507952
4684204978885534969
14688079271253840105
5708543207634873944
13326217338350819543
4828283764175338358
11126011296077714832
12965228449418215958
15016447549185767252
5755595832399381197
5504391387219780164
12632721809568545424
5608681336471988614
9282029886628121296
242119800262033014
11865203858120520043
4809117567048275467
14766842524307726845
8312914558053289074
12630872543821530903
1584629408069253688
2189467373235981992
17377034313034816802
3400778813665472253
6275675973988468223
14556251723549204017
10977353083787257173
5688483199413175915
12464449924773697955
2287657928528589798
16938043899514415756
6273363971682728764
11061730637275106490
11413480915928526260
14556379489683803214
16922838280119801655
17467824519068149352
8851089869131464471
1293701081724392422
14618234719823035639
12485766127112866291
16410259319484546097
15725441915820909212
8166337620978835070
7202966703303151352
10510270083584635458
18315259255566184451
16697179529822482982
14970250112421810920
11825180388167514633
12733951224097495408
11296288999890663717
16293094753429586864
17590800523045430636
4650770711621882962
1816811809244744882
2314919918476748558
1532288544234066607
14275051891856351747
16431007831809399719
8343321811374187758
4159655208525582088
4362059087333384563
750808871108993050
2224841825857295589
3753855867363683062
13400058114444844946
5001059157692289208
2362094655368514151
4187711603901433612
8503204437806407798
4898864519292677109
764932412195912765
8234150387935339319
7228051583773622354
17085164467135073034
8964098727679245931
6226684229667313346
17552386486063099546
17998860627917116533
16188970544185096198
12291627489433840215
9989732340050386593
9603631087408854918
14089368480747562000
7542101201970393744
4821360088265074714
9792452147687295520
9437714068999337479
3080259602647948252
8052754126604141105
6954781856591175352
13329729471301772979
2929520952420450405
13904737573769672112
4881493022612753193
10803112588439412005
10440555408149945856
4640363162715246966
13194944753258089160
12402940063549450089
15502901221679534429
13309851107738038350
16157303343860371182
17221287177317332766
15445996618881446803
17817921746800714851
13451371906692865785
2272273604067351347
7809397835675728077
10314929911718203719
5836221576693381482
2000779714823958283
13120604905727403313
10478951614931508430
14279436523699852103
10166692437588803037
13142369171315826779
2128391111718881935
4523342787326671973
10936698659694425623
5251906116161546546
3062228058314253689
1578693232287611408
3879347710988786037
16341039460537679943
10122752230229187248
7009726440812933085
8345100254703728559
13272746004084876148
6389509774653696777
7003739463495761600
17680258333272995884
8342045011176671305
3455812807479718336
14054161230254833046
6173968628156334170
10716789184671411374
4025887018367138901
2728445181658044372
10407090368669654293
7825084561855180335
2253812259954702366
12604713281156462983
12757117817440359062
11341080143370902146
14998073359423203623
11716646344931535007
15954191672702629483
13482836424086710191
13553523706852079689
4656809412507320683
1798767953935253173
12103988944381836723
8650810834169657676
14733688043549205826
3324609481579825853
428790795745794839
14375854496124510879
17446790364227955578
10411610284251684589
8896444058119709590
4079593135452663472
2050125136349986389
13546531980389157372
7689626051315394719
15527837450840863405
6722489161635182599
5298130691500615250
8582242973843838868
2450625634043593513
11326297418629098481
11475861824269217624
3831526389700459177
7123068728871789188
13155146768686220888
17275172202030304690
6243931092607093144
16125937632046725186
961139566679968675
3979636110387562340
11361414789039583753
1732857964159502435
12629682756099839031
16271308722013277222
17790927242420382231
14541678107170073022
5612959620298531254
3005975705478920235
6305818631025526894
1963107245969002681
14873096311787579208
5298092007206801630
7058921237569186356
16401614879303975955
6828746051733959814
1449793388980666011
17255761094161928848
15162375333207117839
13823599268183925139
8434667512982833853
17194116116615120859
383054175812770359
5970222756351420404
5389355462882824056
4037535285582730094
16345263027963977491
13847056921284736124
4390789037328456641
15061694335019071171
3403339815097451837
1977632821583512285
12683528967668326169
15917187421141763579
9080704651809092639
4324887482256960665
11267502377865993163
17800413473708315465
14220850939149231704
556399434920989425
4752657703652378825
14168531258777493079
16923334110537111959
13443969117564849157
12614869461764847079
18204675981777998846
10752163504683599834
9136242175705601649
5684218330647113277
9253837246740939941
10029509734859253092
6284768968726972985
15417848425596058588
7606586456845691423
14192109800931871772
9458154304692204484
1876155077081514420
4636991626052269403
17601270316318481991
221616705062569494
4155742169134327369
11024188349287614057
10909186277985461001
11831121811760330788
2332511218850394516
9951342877356637492
15877934568557043515
16956431415899836597
12144329450953763532
6040524434836879397
6977472041995771087
16337552257771974955
8497025223704090483
8721472762958067622
12666640698249773367
13963929928169147680
11262240372874248348
17326118610160944021
165202112365984371
11917956594462256945
7525857941619058388
7706763553566712806
2208850754627319627
897828232045848035
17160219988058557464
367581161438656432
18202011795845713493
12752798517563069490
9112612335234445859
15422162830605910167
3849499087341282341
389929769972885221
8823221071710436073
9875648477698233320
9693933673687148630
17618379308697657442
8711585010800368665
13213010408156355747
8942657457493581217
1584335985344343862
16982554758520138230
568341967579517525
6980831841854003417
9245935836924351390
5192649221759882309
10608585126285432196
17596133964784200046
7458953595446776334
12161447070838262168
8280632230435062428
7832654308641159920
17432159570647472368
11332257278475749027
4753431931052941330
8515110175438348960
16381992135348039384
5827065973026673183
9052240439905862319
10599607008663985883
4656045174541036505
10401862103598119112
13916206094134570973
14824911081679748856
13837988225659116854
5872796045028462814
4925525214257215423
8251731805144531427
18214131156834106877
13855010085347364079
15429664562026717284
10941451637556139770
9865006435357245041
18157679539577465921
3430682021734406509
5414331051901219598
4012916963760659317
10852071157978199377
16615768928708622005
2514747750103195058
13498219042451791459
1319421362368273045
12347688255502246407
17935487375821118109
4423663790592576799
14275072581689475587
17997722109393348132
459153951332388535
8767387030517622569
3069485210576802006
12940484074960236570
2046953277629804289
7749604089500658889
5526459588982000397
1945431612224681922
13813535175546377653
7498757085590139207
17992470984083093799
12215862320953861033
11482143609830418784
17684157733380095635
10233857448946067041
16569178161152761361
9676045822063359841
15718730624117700020
18396986830405283871
1398138913518876012
7368827737794877117
8647885713472131253
5527951988301105110
6734403381370184642
3914817823039256804
15525438677511446475
11430890218058887952
13187898850544501463
11263916414533515158
14927939721740021965
7381979377435600304
17175196800326271836
6737285823974726408
6947961630833125175
15474174625796905560
5054935232655453475
6662680398570457867
10106149779111219864
16434419495722505305
9566121472431102442
16148396682346976265
5859429088776574472
9461753615096873842
14729557381081904494
16961717014887677153
15799187494760947804
6666382525085225128
2752453600690104229
7720281818994825353
18336053724906161836
12339705664450514963
8095670388195871313
12649454357895252224
9001472082115909866
9032998951712453426
14243113155850860305
1611656655818705293
6789341609274498904
3664793579166956619
11995769540195847894
2655680843330445700
14549539415198317522
11491460045522933233
14819526505328776004
7851546273324119088
12105574376798952858
18098138211525434132
5730424324630191658
1130417791028274444
12301404712654957273
5447646659963854280
2585611792385668841
12902557915277798133
11779448414857679211
6013188485506890687
4428623014735827567
6943106552130374646
5139089204724789379
1026535686867435270
3459476571207293854
17163938614165016807
7638297775700608325
8810653379648057907
12356062205435325843
15912994227328547140
18437564333349889191
9279322647165579366
4442908310248781429
7674696119073535746
3960264041411852700
12077938387927742790
7762313953960087317
11826292538955662595
766259790453219114
8569524350144496934
15328957948297515086
2011418246383806864
2898584750727448468
11531864767098668972
381592040935244228
17178894676494594655
15591416631785450803
1958153790507651162
4306132504152034574
10938957744514180170
13194450453013991740
15920832807640419162
16165634056113243742
4107405212189637120
224989417011883630
14973259337482480977
13710205036590009597
13832983320774997145
6622462911158512537
16558974168959702793
18029315227936148118
6753727296281096594
8254444344229491807
11469726072840889053
11948412203006245752
14106967759999174176
10445768336304337474
12297597540714211884
7621136713745538638
1430034016789071501
7356177909889370862
15190219257254384517
9574202799017179578
13108052902721131987
15200313784650737071
3348482409893024592
5770815598243441661
3898782404156514534
16398717025494710545
6729094686486762620
10812584961412083002
16711969955821258060
7272674562091980049
4886076627439655277
16076065459247535027
14657727031874881696
12454684784267775111
18251794734099304925
14117394985479550294
5772900887025654735
11809616050027418786
7613538351043559424
14667459743487990040
14109696370867992134
13122596667874836913
13550574742051419030
3593137846161452895
16425293921332984982
5456061330644359045
4304676779751152207
722952420491508807
17247856744375311935
5009142775614434583
9964388953822590812
9990708890448455327
16888983646690437407
391416231288276149
9499572320291453169
14338398703116370025
5819951255023508166
18014572339330522696
9602883412751640208
11742767547401639486
4792185975975566072
10468356236389205110
1937055120812436599
13662939675311682395
4241333103206540000
8742733504429986315
11241086977810677400
13552132887998647727
8378894968215590521
743626332885299789
18289544572806639618
4341609581014432510
17000246468258138979
11679689929431951707
15414860183724411285
13591012464674043080
5404316041289274110
8613433024281760405
10293341656873626839
18391648595269178379
4933793925437797089
16018152916332233337
8732980909960987588
7810134617394889965
16839192698634343258
18200793121584791132
6595109184020551089
16402304838169745245
2648581026374822555
3938824683523209276
5866391834133587550
17526996850701195423
16865405288590073622
16387483979361102012
15587549175764324214
5943108734834285804
6048232815681413281
6109346658340845824
12573502590240738903
13760647100268169399
875293158636035034
5402485556860498253
2971902249131895954
14896880528376013586
16366906132129368849
5358497145602997618
15032212495998465932
4315279108271069136
13950065698997773014
2002205076535009661
4894680999401710487
5852231162366102230
15580938333762632694
5172690503938877898
4618004574937460403
1832860454052250813
13013784490203501417
16925118827471986924
8868581954043101990
17230651782397489153
84513030642251900
12834683427410758484
7936596364712155462
18047329702041662088
16313323446580986670
5376551061527013206
10496579648219261650
10523919601263093246
8909687487072912972
7742560216683275708
9253547800065302690
927488547294618063
532430735057783647
6575140510025792254
15367641837589373852
11071112409174422869
17154323118739330161
13600024363639255083
10222352970826817028
12695879335628557815
2315504289783966017
8742852897493195392
6064281935633421023
18168898573980553059
9759376359009863808
5626102553124810062
18274374564354813582
3529468262747336934
8600390788930020444
13012678734746957218
7028998551271235782
13166733662311881221
11854775871735576710
14097032836644659652
777860957062235663
11690288115795523221
3755780765583732611
5832658260516491562
13206981064453543095
1070646086383911217
10132554671769915390
11011113793522183796
8779681256733829930
11868223128846307050
3197049097753643740
12926316554365680594
4390604390370895698
9328952358453980304
5909861179480531916
16918794305437060222
7819025522716562348
11955530323828694882
14384637321387347341
8475692412897993353
180905068270136819
3028432523713203237
4213070142292769049
2508473330368485740
6690820549054242363
7328556625652229986
9052676585376098585
13660404944531290409
6047916048582232607
850224849285246538
11080495804576932212
12138652794427761261
812985669555892392
16102719719476968919
1147269399432000846
12368087510916183140
10197496874086462752
13048539937358364495
12179838114398286003
1873959420416790534
3158248704067066795
13986524538581482143
14593913841242934120
8132646676698059844
9868093021437635635
17271292972035992501
11868376470969878551
16119262285453589453
16199546750802875250
14728306273248747474
11380734739395033780
7939616747296060025
3096052400169813845
17459655724573637822
6593167686991829496
14325974891812423907
12583866925351900515
10865251918945177099
1513010656493910107
3951810783902648538
14964827648278640392
15101099620393700523
4798485897784726199
7027482099812317442
7074564076430575758
10376242738187174358
14780849521234101356
6282933480730370113
1822520900192903903
5205225746073197505
4407541738364463891
12245374076335343301
15946525570402805732
10495452595651574649
10911996786609946568
11914515854393741539
12998255342208519556
94793695606230945
6073138307932611730
10519458893528187267
7748824547640752095
4154133025450938297
10148456191049996855
184140295887225435
1913215149878019127
14260924146166002377
1299339068544999729
5057313948051857868
17736660452887565087
7542217326151702584
1765610603256348998
5406443586227674955
11608217414390536253
6158563374352966323
10580032818069134283
5087580612197927777
1986550933902091453
6321171634662851679
14459652342757864214
10600591799851550102
2756953654061427187
16247969030359705643
1585021085102875361
3078669473674497936
8507144157300839365
5761953262863721486
1547252677051759861
4574899974261965909
3049564922310984270
7469094670009464675
15548936793152557856
2646090925840068856
4671677088688730885
11788885533015438315
1644010221763453446
15123031861703563307
14958223373682579465
5208617158936373791
6598827654183154524
12550200178393534241
18110935540900009383
14950553949499211724
7783166799725398820
1912002305780816855
17360322943001829389
13851089193973634784
17398140929907302168
17234031358427601139
1086253354614120999
5936482636532706875
12579400639250684600
5788494698467608747
2941357214010935759
9075704491809353054
11743521521208106763
1519334321691923678
1530685443308470158
15489586029430727733
710846854685363225
7884562401118865366
18223958569803624015
16501149028339980333
2846694090088619997
5278801686999209904
14379681525244337218
9342485844822609605
9092373516263398300
7385751327506721908
10869054030351306335
8786851475427258135
2248742189404542500
15700663953227535482
2352261272176411400
14472285737241353272
7057451698256578665
529191128618829111
10381772993167257025
13345210628748029937
14538045055729425591
2925431834618744563
6818664559233138578
7461391882252345931
3752212743850298441
1854585279122480648
1198289901199816527
4744757376821668857
13136436513053380766
5066112587831317226
14728567946646771430
4706865079305603102
8011277013703975226
14912832958853751373
8759390455980769184
3694738904816394433
15657731675928184318
12038461941134149831
11368972713400034836
16483320476622575675
13477013596151856042
1292877901602213516
8243581294417320376
9876919471934574728
6809721771242266054
11065418299600456770
11400788443999494400
1826737638882975914
7781138670657987241
5508348927932083303
15425334485866565185
1740067845470529805
8443809264572859331
4259645674634398003
1300514316904957094
987911460833947940
18018088931878488406
5906896162405903737
3490524437564430035
11322659976294588662
14907614916362320956
13423340377418830768
4616239820391979106
3283908206165451874
953819506585210928
17401154664429375075
17661501124699962165
10285843579715289185
15070104479002994970
9460841522474348061
15813210879821958036
1348985019238630417
17635338904095563703
6954943263969272463
17392007867347006024
2341019667812166334
9676570071892606117
4112600861261424475
8599479236704029451
10265253743459524368
10381665668770942200
50720157730091769
10238187744260716102
2495723606667891609
3669723596427412458
6139766283694579706
12366796679274631644
8759661454584487280
16307778769655661194
1705303199480910627
18413194045353244806
10611632890719347668
11299553130346007325
3104646615676085291
5195591331309335932
5126886566146560149
5714527144881619044
1471844098046197872
6373987327571312061
10231049072066291065
9099927424143245555
10370492950613052411
7415282608278780129
10824012706843238200
17008384826178050688
12061780699139243464
2104142287623981986
17019167653016959933
1341234345483405957
13615411663287731608
9476302108586897882
10179482240537542818
1887474712994004066
14918483564943577831
17462789928020424404
17642861050011345835
9153351293738283721
703583550765219477
4345360558512553772
2444687959430624948
4833143219366235490
10032832888667932323
14476285032863676474
12361630885161698247
13918292602415408446
8438769170187557709
9047012318137537203
13265791638261351871
12230759938975259383
8418215933862731209
1027488279947662191
16803580993109350601
879715739392383923
5732320992055232137
14655497680471947679
12457616642537854294
17223078097614225667
645420752293575648
4527958395354731620
3505183955751170457
8522532071097841833
2911286087981082487
17861800278742704344
4587468404099949933
5664430981474478586
8700321306639802842
13346346498873388012
4469246653056789679
3228203830852903885
15810494772860624876
9995163258860826284
8212533887101130755
2491378396217850869
1952942193014589281
5360146768108809498
2110002015125934198
17192889761812588328
15174997549900126040
13614635988387906600
5868929187891891148
11529004393012325797
15362801544507936386
3010821344827719680
12128189190105356542
6781738408515859192
3005237730369498272
3047162797130252164
15830195984863366285
12835120681270720350
13772810239055594765
6656242607842002387
12576508126826667834
11557381558920486119
12999735913252078004
5909910407857952077
18104686097423989580
9082964891472507802
3279392869989499931
7843468020758803727
15754315670882952314
13916347152004421952
5927659344020778743
1744134240234086931
8046612465681985760
17242214649167382242
6411524597715608095
12066781309728514895
18344698829145392686
4665221274907307410
11969690435343951984
15391782095517863316
9625652522877166991
9223015872084164803
11689491512106245559
17984094509592730093
1151943461818548816
1735731522514968011
8751791786141410763
15332686245415918831
3173436986581659837
13585210917486736516
