28235245
2614519232
4063857994
2331431311
2547895999
1334260182
241822876
2979135516
99965401
304657439
2377060032
1135387898
2733562331
2030213436
2240315611
2335200183
4054201633
164166167
1835468451
3397796507
1345535711
3355711629
2554219266
2493088406
2036010520
404032608
2473636985
2944623732
1629714440
3048635717
399507302
14644168
3148964508
3204159413
3684885637
2292258896
829743252
2979257174
3947430307
2466928224
3853634925
1107618443
4273538875
1397846464
4015183597
1137273064
1679106419
3887631595
924865642
642324318
878913664
4081227584
3410041490
3292142841
3155469109
513929676
2056959492
3491895212
2761752607
306649676
3648775843
867986240
2176964443
2702526161
4052094107
3687962907
3236949545
3568238190
892643333
2042383936
2485851262
1342758079
2906603992
1908326815
2212748419
977044129
2260157840
4164119548
4024860734
2773203299
3444996038
1585714035
598784948
2877341660
1006142412
3176851840
3252352191
236225158
3708778849
3625898878
3044759625
1197634222
713715719
3583261443
1203709017
417782280
1751953376
1592352972
1486202036
1957185257
2072396415
2441894296
3463788374
2760308151
3781176380
740451434
3486952168
386997633
1965279396
950383656
1455272289
122811777
524442139
684349607
2677719493
457929114
1934200820
4056146418
704604588
4092478540
2602179706
1360440732
698388420
3309965939
2961746791
2190850981
1691426754
2878037564
3406660716
3966593968
594711882
2316223573
3277347766
3923043976
685429799
2956226214
1861981823
1123605905
1233390031
2514752483
3655933085
3810996278
3092253866
26508817
2001784225
3587726694
2366849150
4120131156
2289678579
1052979788
1207185080
2945428659
3562166500
1915190990
557241927
4029889480
3307795279
873224375
2399907861
3836730769
136030773
4020410558
3723700908
2202350066
3299326495
3317542756
1275885574
1682104600
3792762015
1944386839
1085818580
3736849105
1595034747
389084268
3809193812
3077076624
732712115
1500327680
821502679
2859991599
477062074
1311870380
292706450
509926346
1451307789
1072624575
719444672
2594495163
4006441509
1535460752
2249588509
42786441
1303331355
2072244228
2795323367
1511492599
496310608
1002677045
4182739248
2404308493
45243977
191902118
461398634
4219925591
3459652154
1252338074
1739998847
2530792735
2805071727
3860628684
1919509510
1909725415
1728533571
2508360392
2192021832
4230556273
4009083024
2138822234
1777140193
1351555952
2229487480
1343767568
2822636738
43036755
2847238241
3137558951
430228759
321391691
1570453532
2022045789
2507976554
759221162
1937748166
2646195929
3725841726
55377217
90863410
384677999
1848828151
178748173
948959572
1461688661
1108461546
4169713297
2239669381
2177779617
3236325343
1445545426
2143889111
3680089041
3438720741
976995081
669853678
3401893173
2753253956
2069924347
2429293014
3186142435
354971455
540314195
1624284710
1400063742
3565274809
1398562778
3855920027
460298073
4016962610
4097179702
1363550776
3954029792
4045839970
2760652458
3285106793
3656629139
4142095781
3457395330
3047451606
23686340
3817154018
1242869927
3696965112
656303114
2374818341
2003242778
3482234033
3622306655
3929159525
1105107704
2580628125
2267508597
3429118618
1688165363
357138869
645169697
3813843275
357859648
970180781
2904769405
1598830348
3934073709
2141593107
2203842302
318090826
415841776
3788189372
1375068026
717044908
3877576143
273072937
2598233351
351776820
3824675856
1576412988
2095135109
223639500
2549125849
951724400
2184317914
3762619105
190201790
1511259517
3329007350
923625704
3732294597
3384621999
2264318212
769252856
1217340961
327758081
2658008870
1341956398
4106473435
4085805856
1558887923
1537736878
4056243956
175610914
981819428
2259178643
1372651501
44547825
2093771252
181330281
682461385
1732697769
2194507728
2509556229
734223964
3685095198
1969100483
306220829
4216547805
3520775985
3561477769
1304622202
3461604815
2443848915
2243130744
305857014
3041953671
2508824224
418807025
4139493574
1159737479
3575626023
4028903669
1112680729
195442061
1114270309
3779980859
1715420233
51789019
3253764130
4015183250
2476266801
4054260985
1320229054
1536678995
4106561358
859157878
3375015805
2682646024
1374536331
3381300667
802298013
3995433078
2549481115
1517229381
735425240
1020830060
1501506244
138324643
1903740993
2494985029
4076853930
1733491369
2080899446
129488252
1310829165
2289312340
2957372029
3184438256
2435432516
3569920970
2805775672
3668476598
606465019
3157971605
3783399304
779099823
1783660561
1131375694
357703529
711311148
2580072275
14293869
2985089332
220914506
3690177121
3689375008
4162762794
185034551
2380699156
261595559
717805661
485135348
3917913133
362550355
4182734331
554184123
3071295074
2553293019
189108525
1960802398
3533606726
1737857341
4181575594
1440060043
1890130864
1379198544
1352199857
371173820
1807859599
113966329
4102058461
4276977503
2313989574
2627287312
8946563
3394848419
14740018
2207259329
2736016996
1696856556
2582281684
1680598614
951248030
3231804493
3836957352
1416520993
3472044577
3415318139
1109061512
69493532
3485168786
3356455412
264401798
3740399705
2805658530
227897833
151350410
2334195720
994205886
2301924897
313991270
2025788026
2505624909
3814447796
1539105202
2806350068
1089273038
2381765723
1806739317
3750345654
2393871884
3074263753
640697017
1913152680
2776455271
542890697
1300811520
694727216
579918360
39994319
3692273289
865214788
204247600
1159870661
502940362
34432892
1963425916
618149368
3970905598
68638743
1201003746
3266515966
2654845127
43606011
3260802140
3533082217
145675481
3358898360
1490902490
3996202451
3188147178
3636748539
4035784524
1171003487
2475023880
440549502
2598813527
3243163680
1793531224
4230466083
4281279361
103880373
1307050125
3017490497
2261376083
3734392232
1149013383
38372310
2510227966
2734778877
3180896555
3397137018
954258285
1608073736
366313198
3364171712
4129514444
3823436031
2439276345
1544854920
3437455507
2270988698
2535376319
2565237545
3437743503
3066905827
2319992634
3231526157
769620651
1045503154
3340372835
794152492
885949327
4248369255
688546475
1099552503
2754085223
3870750796
1256832106
2524198152
506029307
2981985675
3946942562
3549805576
1029198766
1174134487
4159589169
1361142332
3872761542
414797938
608719366
3211558363
41425717
1318821803
2006585703
3164046939
3909347907
4284553116
1829931848
817035768
204037734
2987682861
1889392089
4220541010
303322030
2225567628
1747738402
432028639
2189103885
2937151413
2936473644
964805238
1430654374
1376084216
2462061737
3467585495
20937069
1561432435
704714499
3901627865
4256273169
3651758442
2866175238
1939299759
3855396282
3944514105
2611602061
1527858303
3533418175
3341177713
4242010580
1518501823
4190456358
157751860
3546431665
3368081319
3373408489
3266667023
4000849394
2979826312
2165981941
445434189
115940589
1072420951
4156361389
3510077731
1347644634
2059082715
1369527940
1598873468
2401902297
1758132429
317410427
4077463679
3213912493
4033343955
224548679
330215734
3305759682
2319399392
2312371507
4203671130
3889868507
1450480603
1486993403
3915843224
1522195252
3444295590
1325383505
3519695371
2581013591
661399594
2813161894
2632555695
2387800991
1901017270
133839820
3923876440
73812341
3710971929
679594460
2171962803
3926088202
1042468735
1568219601
1238829946
3959200769
1757591603
975943092
699328366
3673945068
1901688917
2025601206
1659598153
3986736145
1555204301
1118175631
531289020
760199629
858649185
1040407933
1991051215
2599866561
2275219082
3057708523
3801374844
1238310212
4125072049
4239708347
1687946922
943101817
3545565383
4237662348
3879590689
2310696794
2543016801
961623361
1417902554
3200583998
3503815876
3476647611
3896928540
3649450234
423886172
3390987766
1186608057
3755372641
3520090582
4294941834
1266441933
1367442152
3088907439
818681703
453416322
3761569775
930705440
3230801810
739910725
313625645
1259361708
864696620
3272147370
163075578
1455470239
567003600
2428825793
3967138620
1350725128
2061604699
4066095143
986536257
820243583
2848243214
2269106966
2803041442
3423202309
1846995699
2188716452
2760551164
1788490004
717432603
1871101484
3194506958
2283714266
1867047505
806892024
1482860484
3494156478
3308660438
1034640395
4179712622
3651896432
3187706063
2843903017
2178934412
3715367870
949003321
2990395899
873936817
918113788
3939674979
1835279446
1867685033
1016974125
159636242
3274579148
3752826306
1771681082
1961973221
1631005321
2612554041
861989539
1927051489
2830444671
2602122101
4040925863
48494075
2700090013
1490727425
3718942930
3593364935
3449787731
1468528850
1380953214
2093434462
3489042985
1918091922
853447669
1197892730
2579495284
1737681885
1617349770
3650341723
426295176
3562748434
68906874
2151045084
2071966194
3354016418
673308866
329395555
1814392628
3151609090
3276310995
3793263859
4102636241
399213714
863804510
1772847732
2491399071
3745512097
2350325030
1674171397
386115252
1596126067
3702870252
1899790856
280339058
2833881307
1364153308
2728322900
1365303151
1640271312
432062670
1069003631
1241986626
1249167439
3024103933
2488076060
1755295740
1329256023
3882464496
31416675
2578536986
2964651793
2474618104
2324135368
474723060
1160879103
883896267
1934678657
505965325
496194013
1751753590
1034629189
3312866462
3377740453
221645125
636158408
1590834689
440438340
259201100
3587858937
4195154806
592628394
3873572211
1222441069
4126158177
2253146158
198133008
2675206638
2075282752
4252631955
3514409026
722056688
1359403092
4206997647
3262765533
2011837364
1723353038
1690813695
3364468356
1351848264
2730468630
3283101018
3803536894
513492850
2101147298
1327345367
89911002
1262351134
2100931984
1266343972
2027252258
3884042475
3829023414
88973686
2982791789
4283392881
3049022858
3049888755
3181557485
330443193
2543113835
1843477280
801636996
1925561182
4025889303
976453900
3613260098
3573789853
2619278218
3495143927
3467045308
274488578
1946746682
2906080099
2929000406
4103384185
1687536613
3804660991
743275378
197147577
677908336
692590574
169944228
746798303
3489860207
2760967436
3977109849
1529814346
1168567685
2711765457
1691986083
631935959
108657214
908151702
4087336952
4008953171
3223611085
1714409963
3979254489
564753707
1297617929
29763419
331526858
3303008656
1629193851
3473627522
697740738
863124131
1662397131
3351211711
3992338
1263233866
1884310357
1429615073
2907949752
3746910518
360921441
2419697605
947252498
2408441179
3055016680
513959616
287229500
1427118897
2823915654
1215868505
1406051869
3048783388
3795198302
3467214206
2222412893
10756229
544270812
1365556178
2316491764
429539185
3028699850
1493387858
1970214669
3552087767
1779447053
1535440300
3853431855
3637968031
3626607891
1123022788
3640558224
1617267410
2612255650
3729264781
4086697542
3358150640
1163108760
3886183894
2728892031
579164817
1505775060
259245498
1580146862
3285205703
1095646642
2414764069
581733617
