5776265899142932682
3899527658824517428
15362062707433635031
6431802247905003310
6700681127389398984
12607132217626708180
9770133495191025915
10914902915570757839
15964273405397649596
3076543475261046915
11409469098759358971
12852579914858262677
14850757992766751781
5376315985238314575
12435978942606769767
3116902078522592107
7288998610722948525
13336011637862271493
3021974058237247087
799499723751100707
3624878293196888696
14232919591100101747
4349266202514447856
10922633754373890857
2215139304865377618
7158946140496660651
9827582313210965691
4355890711063650799
9615655252565488495
16991706907632033217
13258981389627268655
15998110081415233519
6297679313343504039
16808765442330196697
7568135802978645384
2610773737844608425
18344998685371728106
1790721662464018924
8645309542792855620
5021320346622979081
11561522349210114182
2392891250375763833
15411635326850971917
7201935965843595540
15656936059549712346
18199192054485607183
12602516581955952645
4427387378349218445
7008168612863911769
4791577256766981904
17172033232841100397
6045512706175622284
544204637869677667
15072296321833597029
122829458109596068
6313525077588596806
5680600806605236691
11640634587238139242
11289290186735072231
13035211268607995064
1222031391347434780
1650312423972660424
14815016565778823769
14335520746505316333
11413919147662762241
10975552417676642081
8268648249875106199
2993952939044698334
13270409741417387696
5152496552711055502
8751589845412769044
1509058558040324418
14980497754835179754
17646747204291509914
999784838210258586
5923352122951454740
7683300372728393729
10336742760478825117
8171782958658703522
9154141395140066488
6012610740749921719
3764692075128061441
2024057491460838089
16350506579468230457
17727780069254081133
874348345958736496
16571005731085465272
4857225687982870160
4931653142273293159
9744039000632961714
4410237961969692958
13761395057419700986
9933113918694185791
3739925645754332010
630680211336040752
6048943695925277774
2162892721537047470
1123472075658552196
15306317810181872199
10382503538840644796
10415110962725185458
9817678721441038765
6825589180597441033
96916225289913974
11578792060956772403
2702960485323158482
1948033257586002527
466234074186729793
6692440469551558561
11540222636018508032
8585611135428924527
5844531047852282162
15225757478429853018
15139324986328503855
10834455407345636068
17645330139426765049
14271700953240217307
7806129723066858182
16540926469348012153
13594281241595352751
846879418392553042
3072541457333742686
9579546806138425768
6438135680176268468
1121862464681980553
11402150685024265175
7250161526389278287
3478841687184161066
1700723071727018226
17601361593370335834
3352047996824833053
5780804073186651719
13220604835031483128
3775586400538115345
6747088530882558746
9905737774116469289
3220007675133585746
938440009209357175
18226956469848397303
2882660841115778680
14358314238658120731
7974100403430948017
5465081404185833169
15606588675212218510
4540942580841330870
8402273529421763761
17378884869324590965
2206174661770254000
18355868856558805625
14206742512940680642
2901435557317224785
13943429313629431617
4155862762482685077
12069234212224278670
6251644024617695553
2682779123789699386
15178750159938992000
7282552087671044405
14145195962660421846
16946734412163447916
13957116519846243528
2558377429712177033
12920955152398118269
9883466580845320007
13615171098616131495
17984919667743809978
9916042929313659360
9760805851397108456
5188003705661427674
8758976567829299113
9758258847165045788
996744793370772588
6487689527953866560
7224416066955079380
15915718403414977132
10906181966262673001
14501125257579103096
1434255017955635285
1892505813548579504
6686003873610988202
10560199028144355388
1383024693023491669
11281548078501692161
6091401214767014828
17741487061924916154
699875533658176396
12457357773873688365
16655911245034866965
17873421137474279127
12913404021644672426
7100303066903977581
10200186451611642793
7353753265659185
836070056172681113
3612724309718928938
12090255764241962499
16408455310179096710
7926951400628195568
6242626108481121286
3504716076768807935
1808236089232016973
12001827787302998239
14655322462729763670
2386642627584440586
16190789347328452699
2750424270708681202
16105443371261856187
10042827330783317603
7072318965752901439
16675786785480399783
11183522727504339572
17197930365682077239
16726650049765887219
18024580773912315344
8677360942198278683
2962536569485197677
13495290116250285438
3761823673054716599
13413828809858324546
15042483018170793674
2436740024237770586
2026374578338989303
4140349781644671043
17590365442485338094
18365501599119702397
16557590511321941621
10721596077198075808
82083439063005397
14727598262340103250
4494007510223098997
10161374153956004377
2616723210157872422
11064708053073406068
3802703309333878696
11542962364689440019
3773109194641347039
10502272514057656989
6406020881483398419
15333989465427095306
12533056978080922527
15334781567099320350
14969122896647215797
5028222118006289071
6110778958778859963
7808644047215752194
14354457133587518045
13828914938572594712
11754728980571516489
10986980995307165131
2313462466305025640
1525393190769925905
5847906628505743485
2710916761750062077
13113674261752306292
7010541022422771645
10815090100894112
9944417308845914290
18086598902005670740
14277691227570576223
5718058740048082645
5709208938240873603
14894976666891758391
9441457338592260915
3637928635034141704
5928208658775727134
9986006888540655919
991505547867461640
9204487861147682171
17537140170631577614
5243721270147955264
9186291339123831806
15252115416822784505
6509056456514478486
18202210605416760794
6940925314719146805
12448682096418151705
8706257324066477911
6042999976648748419
13280497504678291328
9243406726928143162
3137094855012432904
14503582273595222751
4597503979581621171
10801028742603545532
9256792544417418152
3418683662861250138
13522136313322999962
17553237915563219951
15181066255467350661
3718838080023549930
16998379393086561391
4226617336421774847
14920917178776980304
18113669016649508428
14157252188387870996
2222571267183875939
5774188616052775730
17537395375079292698
10160903670446896814
15988830232497377437
14245527032347049893
13060164642476273846
13405304321117593167
15685521292806007024
11759767152328612461
5148315945784424529
1345942402848579126
15003142699647310316
6686336488387471971
11086372268520085063
15074546090599992811
9690763359705627684
9462331504844803250
7196752605535186146
3722485043545077621
2390722588341696524
13042698498866995001
11192166653333741696
8974530596491390305
16280277404469199006
10978923436078287543
5598384236409701778
3136708673354792652
9903461445162203901
4809169870623601299
10386261401917571529
9408882601166757113
743101135042338848
5180071793824756911
17440212078670203828
1386416659618487464
9199373575291633152
3215573880196453705
15077246409384398046
10568686672612936637
15370893160784667085
15656153221389800035
1464088465783435494
18223059890603698731
8203851231777738414
5473038471058933968
11049193567742708741
18189889728590698948
1378819229986701622
5741590897290193256
14405636725276808717
15173695781014038917
8828367854751970410
18199827712080454801
4287908530466042489
15688256058272146232
14612337096749215267
8432009404163514254
7210986796567307498
10494400600083578757
13956921362100998689
16418521939530608779
14649893478035116151
10466902218335862108
12272976280276887363
8131636479304734508
4351622415737680846
12740309658552037692
9786232735155882194
10771117389958963489
9808796143990776201
328878373399610996
5223387915903596762
15143641673580635020
7089631491849960316
888226041112734078
15327828939084119824
17402815567920803049
174780226739885417
7456386886187981675
5006466758846402669
16798345203931298814
8999267699677707738
15338942482513773457
15465931242746470943
13987502226487016697
18387037556524246173
10529643979613729082
7114519839027847915
2221094291796500349
579384384444274120
11225402103860120565
8401937398313593349
12926448727961187823
2115558053210270331
8224315991169055547
1024860433364723414
7467475856615366671
7891380633165609369
11390751393398150258
8961011946546350528
6857965645438303978
12303681951054611720
1022464581248480258
6202396472421204721
17592172613160173581
18368502254211847661
4019473521914354731
7834760748328958325
16924543836951942169
16952662413593385385
12166046596271955534
9435462119540736218
16996236312588983961
274987382054653459
625707083080635161
9508759958321511488
16604371490415991697
5895194475005617328
8314095406661495987
6025935262893517665
3911943519365579305
14904242882737510551
15107181020071027953
17609263725330241803
761003270089330080
15018621203172628173
18308380437882521140
850355999822742700
6556302566318762041
9040853632031861431
4160212204527542636
2511210704381856121
17883195702954702578
15996509480638188969
5755584646042307758
6591442820657469620
1258291267266135660
12750505447085617643
12234850390016143823
7787941106958864866
16372646453129062366
8576908288648207966
5428537624966633197
1650645894834020331
4897915954572962083
13307536626846009992
8219328653133255746
1680388244017581745
14429704332172701636
2073489210822753131
14342330950176624832
9875355075350172352
15797684406862766566
5912467698022736480
476121490779422628
4511702983072131565
16338712245393812693
1661869682238545258
5790563960439948373
13744088630139836145
12933323909380682046
17751318339780318122
17570184378410456018
658144838669285304
895736423903005369
17909485255548020014
1052807653946420129
16915020671850463507
15844250111424035225
6627092252775359710
1608863044039814735
16916509648521344396
14707779619946978098
10035611605565542283
2633623044203744600
12047619433989590380
17051241507094895104
9079074008758321523
2290751652009753992
11240903165912282763
7961079125850997778
1379583455219374587
13448235308673105587
1915460207223568586
17502264055775324697
3557057035423684293
7453034251977653140
9724228325206751930
2917062005441504444
580432567808355107
6204406862591580518
6697142006368167722
12291957813288065064
8029291815396126345
10549433454753508423
12597983648375984151
5781626215988633633
16201805799851896351
2392945430492420061
3395785339454662127
7981950340914519367
5836210194315612902
15941733556966315663
17545707600040449174
4016332768552525428
10092930508519934264
4370876681919989550
14030158463410975077
14455453084515073535
14057521431916830381
15296544433688544873
2508928312636369904
6205614764974982096
4556523400399622551
16333178319029823735
5035120871003679403
10560361659984430990
7763428830843119436
12469894933474111787
8309624926035671496
16661812474890646776
16344717835150555689
5538382585458840124
3658360965985675483
12239982928283260440
18390796192220761456
16565131664178853733
6271355573706856800
15015565687914650248
11217146452740629895
1368494908534125909
4847838884977485345
8699817410766017962
7282600358021182964
10858926263146638804
9072788478838727585
12614518061635526228
3297287992896977865
5111147962101363645
7187720223744172892
5985168086452517782
1800554556934116461
16116162278598649334
15238083497061629842
4072456328537042710
2029639925870635531
6008726338610844950
848771993691770222
9503663463508583567
1448351187872692316
2415386097879700503
7512990426224368303
8879629614514902598
1032108044478612650
14438119982634243458
6227580640678901936
8805825348445892315
11127948830721608835
14328374583145326644
10134222090520621162
2810111739708150431
15618207198653503843
14152428161365075359
16424673419043680504
16289272363030463271
11659867393799546896
16175671961516934489
11530932183798826019
16747976109570371026
2984376432731223761
15071615810466822722
15515205453647646334
2276942993818444961
11165009368000423530
1725626988391165311
4690349962146644054
17827028073191599563
18176171923588475821
2291940119707769857
4360330208146576513
1002771400344124582
10251162972159101150
13197858421022231745
7461373633568266103
2221834313894964973
8823936131124487237
3663947710340428748
7267604342325572332
8217810743214901227
7719778157964022279
14452721045365722128
3056750935902971335
6542247994255377867
8692678743881940570
16551151883162175424
10509992120435298934
1823170240018024164
2259692837154909062
1906075631191579166
7778558895411179013
8505635593859034828
4534528960156567843
11121017028382868723
1014501573483187933
18110836695764246191
8908431285208974999
879403443577665160
3999129724586161293
1539710572543337874
5934645685715075162
6193715260941274416
11682966387416583348
15471811167882434019
14535201138454416127
17097027995443287220
14629411991379093941
4067206069008447490
6832391123680249182
11415435971477412960
15412451485811041421
13240692487593462871
16390563456417011843
497690558796583261
8129666424682835968
15767627002365496090
13994403769710090969
5932090460454164661
17454600221446387480
16811857626809397307
11300669621241433275
13940676450996503134
18079424511256670430
15544223272584626269
5988611047943143180
3626570407325291802
8406225595559226381
8671431971443439600
15686611741362199265
11318389946332193145
8436025036910411422
8480723333688382423
1276726337720386867
15317361487030529665
4472794792335040354
17578230188127528159
7148842660894808520
6263448426932393389
13288377052782103143
308752079269544846
7979920474259624115
16043377902971949316
8384235278499444871
224518282254991744
13159567856328734714
4307431694918993129
1749075607734485180
6380316545028453893
15215568500013806391
11101795793372837643
13364597139030443655
12796808461718057753
17828467995988139785
14677665406294008651
8380390650158667220
11088954269288749372
120593859899380384
5400304278456039810
6143936121014304539
11212598872898166952
3417404080462697269
18388680661007919803
838472620666051462
14885157144768316490
6034960513518704657
3105527362351057741
2837402323824674378
16147594564020717890
17939264714641835025
3255649300433515534
9430183017856660867
18145293100424120733
1743111355873645096
3908984721248007789
7388554686204190795
9367389875972433064
10079717814422398480
10772482033037159074
14680734903155066547
4985726386333244467
2125305976241673824
15174006235732285752
875531664081655210
12553828776311359443
6304244973159523378
3255825175453012506
6874792503366933530
12843421328309278790
1925863179850064098
11909859801354428538
115041390179255137
17820460546335518917
4473902911662298951
172170223104862349
6973654643380621095
13639850498536323958
14969977754502764648
13750662167981464177
918187505974689392
6578784203073637878
9052912076087150230
16081801349645688845
5420172817109021885
13207320946214952142
14774558752995047205
13954409070718308077
5870014882032646727
18362148158797301209
9722864476297469395
12047480864979129892
8592162260197264630
4948473501710474788
4491739937109444305
12774434239794150369
4382173480883982497
14092082567570616660
10734181852460580044
15976112803693394419
10058120775526736878
8132677421495701053
7395705164789366348
5738129432189672597
7359517007737220976
2386987151849242907
1864421900959258340
12138152407500218475
5415097618160076760
17034706410849762555
13849981497164728544
12645099244746474237
12951127349956538548
1094668408525888823
12017029068341611341
4378404724812167773
7491728530238375293
10235484854934362886
273533633442116742
17649811838642519505
18181396174578073723
10744105463620420176
10855841262986999492
6960131771151237090
16968873704647401850
12857857661595634821
8087394581389100764
12198356313832813130
10015917562812394890
7736852916628546154
4013974180258441655
9175459220300113466
14977643798981186740
15556889559710578456
12824245912925116753
14777570142485208038
17984692522662954930
6534323088692681960
17923923818109097301
16794446852462866598
272157563144940532
1867376779280160308
5174470294927118823
15681674029506371061
5456835248847597534
5078214326276698777
16288788858998139728
3403655939700562385
12573006175554546797
17903945422104116606
8485708745009108347
8994799562728638718
5058040753025254395
13178895169316078623
6174194453476642695
2707831844962010680
17457727155850554493
7585702125975205789
5240754546475926360
11706535519935177006
1057817674291361468
1860921881958674511
3199893069987961259
8468387275362002003
18095091227880176802
17897844978662009747
12068136078380313896
7779436867505153062
12669318378323991103
4018394692431876198
11438818537309474998
8128233090420096306
13091504326363679266
14815835930431048307
12910938465569533591
12281744207609699206
5424953332141103219
13748983013167562183
6579783953051660446
8729694405295559276
9337754875442853593
13617845731815014482
12868182748335558893
5199291106362161888
6781532015924833768
5486216653212956737
16319043020536510844
8548102478423806991
13937572918110309800
1047947258700950229
15099468838784312212
12532235704028903267
1263516430486696524
2131560545820118633
1909904423226316751
4312571073327778205
1226790133387861715
6468085389677560171
4219849053814152124
5024187007044038731
3373449239471817405
16960902126258957544
3753373697047534150
545456600910055025
8308652278906361477
14804001810216124241
9928447329674280998
9386776354176125555
11210517885287623341
16493490871157356858
1224737690605667923
15224724432561253430
12953402955684996951
6054822285729867275
5287791527570933850
5005978763087395363
5561885692161168062
15730924560220917460
18443648926209070520
3885459865820987376
11972899287175882013
4646496462304219574
13043091048024392660
1376527364882228718
5827595928969253690
2925984170159401482
15188953890870316703
5978177238554095665
14559839843492012421
4311965462072746581
12942254802921348426
11392865911856656857
9276557514599174238
2319129905527651360
7043641927158629601
4594500455276065449
5600037183989651712
3571615683578881589
18080880571231913112
17990115994531097562
9670803522086743252
13825154003024954247
9407042797915206306
2380916518550120393
1256476779008178589
1890048857499302425
16242427491328017805
16788560180741539360
7556830406452204091
1548673813879525881
10098474036740353439
7228476002218944795
8766699971757930963
1279269679011545489
4985536640030638918
12388354524099587590
17077708640422806614
8249403308634193434
12264465359451437674
14489346553489344912
788843549937186688
8563692547280353923
3982430242219901828
2989835831548717946
12015037718730965742
13090343450283215338
18281401201224585994
11831848450273056582
10897792339216065478
15161073352920614399
1806881657316298941
1582670292216455124
10490106371773966914
12045013330057967425
14791741915805585492
9627237830601769123
9997439491778523091
896034819758175516
6331611281044278273
8728801054271258200
3522837907066411434
14454887089292370961
16597735616686153893
13828719410572277555
14954932688516270118
8750374281311530752
688072006810379757
15981167687858597892
10289699186242142247
406578434919932910
10543628168702792356
8178550528552242482
16372943710797355648
2701469282393308656
10970311251664479024
5829535351346171987
12073158687159991492
10031783530815717752
12971218439168381724
2658450888124532434
6584264745297259792
13034376202708267066
3195046027720444114
12917536590544389983
10907572321710947058
16623041277826680120
6447229399110423345
11658752860437022816
6803439429059804962
16194573916797186711
3548057364616192673
12200741226894031622
14466765882025728566
7082281747400803008
15101391693258693455
16532202569451877102
14056021231710353399
12954963396301821314
15480207714205276879
18283699283466105206
12563218967732854438
7453508315113877140
9563766727138018626
10240311398202329134
17441122805261641001
15487620464219958962
10111740762757594482
2537325253299206943
10308291857964343026
15787808614138267268
5469255071936860433
14502606577427233856
5409001344353218664
14281477913400667983
8869769624062776545
1879661817191672073
850310343350596584
15362218003245937909
6970765156147938626
2378472819092284464
16220623065877506262
14356520016576888793
1564909680955912739
986708971768421123
12748167704112320489
16610270106072002264
7539145328720961523
10885862568023193799
14243895369843965042
14156071556162463201
2861576139789270839
10173168892669528790
13682226231338374669
12646860072759844031
14749748491343808305
4143934641067482679
3663935273780236267
18425022588480066590
1741023667972928389
10161755533033070746
7430878446431603931
1395054024785890324
4978079494632554771
15746278916770683651
9349464880638158344
654553897070851058
7675322439661531858
16246939508293358677
2922777117087173334
8858701026065489395
14750044578438211054
8937818734016511761
7790617000539863113
4497336631086241732
5068425270100872603
11815773765055651246
9087427297889332198
