5484565579733351740
7918445594189399446
14904206758810120334
10457061135573292186
17845725479022401199
14278174172853364117
13109706691844199263
14000267417388704437
15273855066659855168
10099757389943421563
17965429452452350212
1246544852996230738
11226492481934294094
11484696440992590854
471179604156108490
17185906544995279786
7331329422995863861
8674094320965001000
11108132140023245822
3148506823223956716
4359062847669705007
7498365226366313145
8398309351024393260
8528003191768421578
272684473116334506
4584346870791198252
14817166782707146678
16033540243800230226
17616361243086017679
16579953536947579391
9636119840378948228
6278184627971729769
1482049105816895628
12952621310063119862
9454704632730055413
5211784532684780890
14238458660619878375
429462429063696131
16165445086972264633
10448293980285918053
6983544023215444098
12894630512894913086
12609779986659689811
16347638093849268119
11890361435185183929
1341164594851211677
14788294499061716361
2116778908160158310
13323306834568226319
17473121656512470745
17412557907370170734
381252111946443109
3589792095766021779
14830740873960783540
14245524925898677082
8059055691641947799
10305154942091649482
12313450362792346433
11403208249177673448
2822325615727981074
4876517822679822469
2127568213592969388
10836356443369189404
3831820097659756285
2997555807763159453
4979210377826025945
3979075235926494366
16053974076688514975
9231661662125780068
260732249526196701
11964658806352759057
7481691323812794549
17091534894093248850
3534549668239782836
9751864562549245119
16552063582011699446
15128390081632069296
14611689022513785195
9432779917695364861
13828574873464241327
12572845719785652287
5260180188465820356
2109668972330969574
13199939385171630679
17199069758611231076
1157315594872345928
4537116908279032368
12098009281655804737
3629661228843139544
5015237936571003906
17037213869406087442
13859167562661745144
15189199444591791126
15908995863136445288
1421825883911367534
3401385741660500546
4145514962155687485
18257310576357695477
3964256460286236334
5534090162484208217
14026300312307523658
12145306285918211189
7398484855053040299
13169596643645827344
7416077399259896967
16648662228290080359
17886764406958272982
10381287792435673838
7035386733067473358
7028166692522362764
5008852825902866712
8937627687412699425
5659176712242724206
10797761683198133098
15426824605070625082
17216715462743898326
4893840857470263030
1609481907692471119
15720904907090343104
7922620201531565533
13473258529121419661
8392310027143724301
7616412471418516354
12784495281957540427
17452129093647519221
9073831582074267626
4360147878170971861
1862434647756039317
265943964238403520
12016731992164339919
5059673807501757874
15721414199335596608
3673254998869386869
13212893849646422449
892355695254094517
5266547058347942243
16794731409298637667
15291091360164308338
4642413096819309719
15247241519922557382
11845313494715086934
4195236948336550961
6325496902574303566
17863387705067444174
5088935733612094322
9232557043414513775
7176699101353437796
5354205916915857791
6776192863692901098
16030788472237107877
12632334434426831836
3874251419734435430
10406821870554676682
3219524800952771389
7963732012341424659
6492283437285492007
341638197546681007
13615772098153547311
3131987154791171844
8883578875794839089
17003841197111944176
13349151254121312322
6484292437091963723
8831974276986059534
16285666329239889551
11427669192821777987
7104647331873121725
11519408691664909839
11180000397913230868
5859196027003443556
17540545351238692722
1320953660365683101
7844940591201338912
8696965085854596670
9206720629514207664
14969768305230786846
17038641413316920658
1435493923404590154
2399882147626248426
10595077583656768488
15587532266864203320
14543068997487487297
11525745269956239262
4648070632098714325
15920817642994977188
11124308257338230071
3013049880137613265
167074174423456343
13765238551119083414
10727713039515948186
2971771089739086611
18384663821852454685
16203656547094343890
18182596488400063135
11766902160707900159
10894946874944101941
5118095466388975923
4134093486729734245
17836732676721706488
12045840916671855702
14615604533316311270
6011764990474036579
12003165526757586797
4144415610003840457
14875084211432867727
15639558885861057303
12043205636857650510
14600257314644835515
758707233226395204
1075765889506340852
7057516496759148074
6879087079248234079
13332746536352282803
5658541108048956782
10226915323120388028
5050412771519540313
18127796523915143973
5897721596282770547
14701689148130349833
11933744948087435159
12762857076181127665
8051308637458732213
4875713819997478740
9928328672242017178
4446898857284843030
11804849214663200912
3876441755933849689
15904981684444762522
9730929764717048578
6817603867053315967
9330378743726963836
16096614727784974249
1559398344867512500
7537038117823179349
16329256954310989939
5646476208532634814
5734211131105454312
9650015810437820581
16027781816657974654
15583271620499621421
18136505150640743239
16776326677374757933
13036770215734079533
10450621471545325134
11653123001336866413
16556489648056886038
506636934001548179
12373944376357261034
3497996562373032045
15654922091328352262
13455658195109092607
11362262460272105782
197175995447712667
7184555169669537854
10416120915399548363
3010324407873731054
7622415760747238401
2745476092404513653
13559138647285435860
5793029825634047831
9863878850247411088
2180407495830723338
6543700485017265043
15813026359902725082
9757364738065829123
1106536142800112262
6373820650298462719
12595825556616738303
8322263265326282445
7177660321412626742
1821319429347712882
4160403140262121198
573923155422411306
5409583390024226446
1893283416450791537
3979359805181027389
5811583754483850581
10709254549733889526
7704329719650130051
772852992763786119
9569196659757923604
10494978269305054832
5888593564651048344
2253140003773859655
6993057389386708142
11022101307484760597
11401608199101194795
14873343773812796588
15933547245385254079
199053905325986899
11638608441284105723
13910501015834581185
6991585437352700682
3629981371930150018
7099886020023698895
7967955936245922359
8038778098230635217
15974630117841730212
9731904128680287252
6271282818066043119
11451701830261177391
4863320596242198024
8200834291603014622
14887844234548719078
13638576027273028947
17820228506271656546
10508721741392780694
5258791581392523547
1197281924449500227
2772357098540772193
12234019173931913719
8914844217423252458
12984929659917873104
13842499034437328371
2829024020051121965
15156916052554323593
1918645370684106696
14097138245749444269
1718086831800698900
5430474461204980663
12405623918904640701
4770354841124150809
4582445830742635738
13616924687691344363
1652163876244363066
17794945844133533085
2264363603453834800
12298182563357311760
636981637201451987
2867171610621694621
4454467308676457306
10168457987757963812
16624334053881654842
15691105037259866106
13586615322710099870
9597133348789943220
7477178708058325243
15052407178372099777
8886295948260822208
9771585492834907776
16645178698018485518
6181033919097744083
8837582862633623544
2909755631930148419
18282292792742612243
1689023176080531645
1725153319708040138
3846593735968051123
8264444251905238773
10498208470125325048
4568562863384733372
10194006283669555870
15756399052392407310
7104242400284301984
5362511627797865655
11648046643772526340
3231669824650213341
7573025189566777081
11455085433614698382
7322660221080503430
11884415738844958177
18163325649464379176
10548732018448339360
9443248710053907453
5068739762353021
16550821921816119676
1017269034979983805
12391080944311267600
15112879809780725298
723507294254381593
18103748471938346536
2291502927497791679
18125206270639790096
15249489181772309195
7824370673466958077
6418007339580229578
12887724541315422435
8615386350695161634
4025055048921664608
15000938992289202114
11751368520675885757
7801415276349344850
16853446389563796642
12524405606949638997
5926200994829072745
12013953252817879956
15835314384168167316
18343903154372395698
11083280947493388654
10586060789910638399
11290288929269650566
17728175146488674762
1028638123586468479
14374556787580725960
4352852061366828119
18075241385388143403
9208522467289473295
4183522881673402749
6092347955116791439
11426522619774364756
144752290036562223
8925043057466861265
15656535509657176278
4012985171486253582
15484329109469095372
9368887338535248967
3239738636345369740
17048843764310161288
17912970252544645297
18246645989475545817
7253469970226039741
5469736250005041083
10845570544739552098
14120427193849164494
6905523438761734820
17415180892542612604
9719261921754217291
4849559002426989731
428562486371699162
5061239957143597984
6001085146731959689
346196669816314019
8565636481062724908
5271308758612228877
13410195506292448654
7963939116221868399
2446789580385369698
11576202529398148579
8549835581644395056
3715723641479863255
13937256871856856973
12325965440131521057
8349974175871390689
4082423805595228487
3609129854344166760
9712066751832689781
14203150052145521615
3827523964121963058
17910212941747476141
8827354820617056324
1249254052268152592
14006165779556494328
15009657657928995016
16692373055456072236
8587593585348580917
14899673453481069573
13904221904689881397
253829537619266360
10688498057540950242
16291683428840293894
10465384191791000191
13321237277388780867
15054518445970344455
12338045850511219405
6566301202190020134
14906945493324933539
5455376981230928583
16042605445117932992
13187591356767496366
7387853371314071894
13037897880821091815
10485584673509704591
98339077051274869
14183470688811449272
13419066612857243035
3014204695132543386
1498544214930747058
3570291210335406170
11015983278405556654
14802806331017541586
10472223226143860960
16857239203443177917
14678230339093701400
6409105435620599666
949325192758366343
9022909161551450480
71129065711755860
11363144590855254175
5820572983267884503
14938957535200800853
777968254979658959
11285619705439996628
15726058498974960382
1251103444770909417
11634824395198231437
16116070826302665041
446837165832722244
459825661075336764
14710945861348950668
6294369539724844418
11710758726889020325
3691607474011730615
18368485074803070526
3857198329904601826
5670086760729607493
386008416507683993
5596690569306081134
12695886350114906413
12575104925585808418
9636576303015914268
5001801676493374012
14859900108455575261
16752835570445660635
6236090297848083598
4864596317183389140
7828419654853387509
10206810373245743341
11913501819084875114
13380649082266239625
3325962474585980410
10593398793891327563
4120049992253149428
1952509496887859362
3383051813049373722
3595958014626288829
11943803842528341442
1696733004500446822
9885310010976075822
8777602085797233696
13164212812146827821
2113486395100312770
8077573900148621811
8069003891011227778
10086262550392996699
3860997435620214425
15926427599971267697
16322885018236309549
16600632347233034086
7934987741158121383
15208508519824955542
11831438950894874257
10622917850050722544
4727595867016115676
9097857307444716685
1483510673839109354
13580703269847110031
359667740345720151
8658002391443017113
12226870605828033903
2913123013276367378
5029561687954028676
8919315286544673505
7127702530756060548
7521350808975799959
15427836349201983240
3213222084823212673
10434244542368303320
16460693216423802855
9953885770268849559
1922907368193873335
8063385857802182046
10001969125588892516
11610208665525387814
11577272265363993625
14000760661350041217
5859808173122067664
12895650895447526348
7669563741839320034
4747673067665356844
5666358350658023795
2882768907580341905
15580038549118973403
1665983662126781848
10962708509216947006
7972013442291492577
9755083287466041880
8064229058838133796
4651316313467351799
15710725645352152084
11447026920270260487
1902949396303198253
764942545589872783
12214543366934473739
446047549099741493
71297402041841456
5688350168418416429
10175168856527820984
12599649295974827638
11611470363945647374
5080062440810337743
7378322345886988563
413680548803719181
6129000836437215584
12724696387632063076
525937843711189779
6604994948015399959
285410382084463605
5241644430203391056
11806399369646549274
5506634192049554117
6660401564687673367
11583628144241322356
3879356094255622692
1621354441635389466
13110847673574175711
230882636004246913
10586823391341288582
4869498703054032184
6704652679450104100
8586854348422876263
8568653691769347888
17381763287094913278
319114878344133210
11901517981025864514
17198266597291353949
10420480382130583856
16842438323411248482
10376572816922442621
13464408076473558283
13342408510273156405
16153122898599383453
1520035289694888275
5261418715679221910
3267457878687503844
5536747058606045488
8790358777289129908
13453416257363574248
17869962011518565602
13720301089302414241
1055973129448839947
11805005164002553390
11586630353853676059
17488130505705328100
16112734816094080969
8533031357929882404
8947674792842630112
15355507441509955002
12019557614056280548
17097830149088001091
9654579538346108838
4691223227118203423
16574724042186655404
10706542978223099119
14622220693670528367
13819089370837713034
5830872086888752458
15892130374686514842
6726881173214171844
5519529906290598276
11726289582370312996
1562280318169359579
1682609045052846067
18082569533006270092
13051574296457881430
1430047541223722177
6226320367897593509
5167870937636782768
13745556650893992663
3860785179249989087
18265562542496082347
13039262888838398990
2958708773181926868
18436867215236767191
17469273357222325265
5446947431779949722
1642409977004111396
9165154189751958105
9063404469413782978
9690340899991492780
2946338331486768164
14532188199011478817
1380681428215299554
15479955885344845944
626148499766214957
14980369576651743248
11639774736059157049
7334018309449430675
157376705519038691
14443686605480256824
17362995483207802373
11933512699613687373
11617002473030531856
8953466063593495333
1683295213192443082
3663447497638678743
16882331537791327887
7158574204613443697
651574180710772572
7805613037277435115
5009014112103910089
11754021754884889254
7652908490284561659
1383929255048218991
8997390716311860105
6271101721578613554
6599879013152555231
3686817164525238562
8980366876686612144
3153273369844698706
7133190934906502920
14277794360070690322
14832688107282913145
14208993362398150198
14347593421494458312
10419395887418056757
8496470795021322579
4051526662160202593
4048585162111377393
11420644991671773620
11529855441979023087
6635660503034435869
5368218827529032418
17404730019671010843
4881726014609412004
15005363648096696266
596468802217262069
12174428880438819730
160893237198418286
3073750396643292728
3040479425924826296
3741423136059976290
10936055759085254718
12699259539456930204
308497687331221200
11072678412941750347
14368416328977241491
3607172549176336348
9555722834489178748
6909078957190194704
6027818724510108091
4087232381993696581
8731504187301418720
16511369269375181259
5409626123089039922
13432259146503651476
10725079886127621939
994700197701685740
17781635830920115306
4452876465561922355
12749443297846278404
8671124723279911307
5755976951493953697
4834620111842129206
6686673116803810668
10770642610626624939
2802628285581707576
17225200744812699401
2641656605449145972
5581562705328878028
17852724511460774026
15089378413728980395
9071219621879601426
12305425806378019747
9211529676159879037
5810994027473942174
13671494448673151952
13970001785027419564
16782535438236447572
1239963820879123967
4931171282593637641
1210022941767824485
10860463905514315917
12845042959574775614
4718016307221688142
5539364641462670594
7524458881905362858
11721672227484658754
17924518782812310228
530596601503918049
11272543176398337807
1816605353493083470
16235484833860450311
12085113584523623665
2062543265393535612
934721447721884216
12987937514651098170
2524809195089848273
12282029882331933626
8433210456665354919
12747900086767732643
5966212588675304767
14994147641249754786
6648720549237965245
9814151013192154792
14214049204113874019
3928008904254409169
6012362153017089008
4659286334224012829
1423938905808386291
5818717103835996331
11860788257222963564
17157866903790819918
17875344868808692315
16218328028710488458
12730504983586139405
5502451457409659789
13637604466150955639
4439398637147036097
868859097064005381
1501985528869056672
17538565747646592577
13240261838357900917
8892137925437128138
7237063773924639897
9298226336224089873
2436194188739723788
2966123839169629740
16756779352135570148
11646719291225980947
1389539125634873547
1361823246129703794
16674794384405062621
9498116182221788042
2334282216944254316
14373367282723583730
5442644108304948648
12409291212580455350
3328098657990944701
232784396477964435
7763478485237468597
4860517401300703969
1002424582545800860
11314595423012188642
4544363586670791594
17340443700187152168
11028199157400801787
14616700927312822226
761191488058100276
7815045201667591040
7362309684431483229
8831261089272010425
18197657315347257184
6210366586566410101
15767176153353775709
608914620284945551
7504655348830488240
1438881020280856457
7318963091022520695
11417848381476657451
15533958220980210633
14057316289859194823
10147411714940889165
13847122420785449682
895918943105808710
9272132511542126812
13170062007027602281
8864148954270439134
10393568293375599575
9479364470281567211
7531002370322044547
12663059527620269582
5133872367550026722
18386372206933490807
14952547615702970915
13295896014382503882
16861484982372645289
14430308252341676654
5273188551152407795
14623239872349892235
6340322047123724822
6325510075682378133
4912138669080605890
13034592277529525091
525489695754116277
11555364000069158075
3012023022814344206
13302955658141465913
15773007521232730224
16945986676326771009
706792196735170035
7224013884130779948
16830946938976242106
14427878554111189909
12267575188488895975
3832226653227062002
6750505362025084656
5467550248699773959
16432220039426810563
15252342798244480765
4023053856703891598
9462273137981754454
6953860029187315082
17781792122979692776
6504297626162426623
6393755651542895506
17136951878115182329
8274397397639859241
17781608112727229327
16333309260974245960
15228198738574363044
1991426505663897321
16459157890573655275
13802374955908803533
5411408565891886396
17034213953260394552
11427109915820282248
4121806961326188543
9351897382202389676
13385265244675196192
1272843968320213265
18400707218593110780
6479799700587955489
3676652938833909859
4687388841115370612
5842085194481561343
16531973239141194406
14560416612740147882
9664985242880397517
9794103159904261334
15546804102213016557
1612823400841696301
5294206907648870136
8680877133772542557
15170595758048377851
16642891239556175907
2904242705308928130
10083495515039916920
1940333433525652066
13183452446581160690
17043702785332935342
11199954445351706528
15598024620076008261
13499961593940266762
17335256179085983404
18290932503398831720
15079040653094745987
16021626035983335574
5717832395686252319
5358095036042225491
10431758135951136410
17969759736191308199
1243079156542237394
17069721694397087592
3176909287203657547
10456959521869189860
15611566650910006703
16448953032879788353
17397437002560676541
2412858600928837035
10248076697937957073
4890261808970364262
9094652818312380958
15778446148896641817
4248870967272076510
11826673688284605660
15469178399729818045
4061398010822436680
13240392017413964950
16469114899943967185
17063674807648941401
5533939886875325034
14758395920980855098
10980325068276172640
9391001069347981092
11422764265269543005
15046380835749635455
6121666165222650339
1859793442383587273
16380669169760043558
17478203244522709878
1899169568807048328
11812075283042742308
193972748694476729
2404302188243076122
12971138140953534391
16943465457325270049
5968116374776376192
1372059236259981914
13465532732640718105
11736557095717088182
1508332153505966386
10220941350797206056
5802672620257227436
10172999861228586599
17364870302804107742
2625260146041626174
631568532141703457
15419627315964159768
9697128122552499088
12476121580185968112
2703719816512372894
9597281875492635046
6889455114943767403
6885043766684311218
13984556772262890895
9850812088755399218
8365215017991905369
14307687730614814530
18355809733082285504
8955754371768561487
9473116284968280419
10317921505561325959
6099206264809364190
7867692715630607666
8688442273200249978
5834371650995468077
3098393821116077963
6541040703808453771
10187043769647438612
17513914609833561881
1114545803957186798
12825997061168428680
14569969217475068837
6264160946054914741
1159230140623238893
6174722343778428476
13854086296534224212
11271483621807557595
17706407756731573066
16434602093878714686
