391593276
1276974934
1860863382
1843656784
3453644942
3470156052
3965949082
2434724274
3225720495
4155031749
3725911445
3324396482
753881951
3052341447
502129333
3259691274
1057987392
3556221506
3644078715
2351533013
4005775620
4182902502
2003734098
290233840
2336848974
2613871470
2257480710
2673989264
2200063690
109705050
2776703914
4001405682
1695136053
1706958148
3713670952
2019594963
4096748542
2586313555
858281196
733068870
2364840239
1014923408
28615353
1745849202
3450240044
1955383771
952177866
1985580472
1675434410
63489301
2830030380
1067376432
620371894
3449890479
61114706
3733099495
286905487
4101628727
3258837503
3860321253
3269560964
2243583984
3901925737
1461753767
1004978316
345066447
2692189686
3015767156
840790773
2201344965
1418540378
1213463147
2538930151
3315149494
3367489283
99992013
2366685369
3763810984
2211142501
2432683012
3910078594
1625983049
4278430270
3002265121
2695775571
2935943190
2626129815
3806231099
993492153
2768440506
3715099037
312264215
3262109065
3443168126
2834098790
492850995
3824756239
3102074105
3986448089
4068278161
1001904494
4054177065
2658101605
88767174
1034126995
835813604
2353823412
3453050943
2938755930
3316794737
3983050391
1876395123
515629514
2399355858
2443477825
2866948573
1611271912
2655016316
3052646930
657123889
1907437701
1135402783
2527006892
495363076
2458464284
2523035845
3023462141
892165139
471980445
697922848
675430873
1159312757
1408486558
926450648
2052669343
3737857117
3382275172
2149413726
2055166429
60706457
4217882897
2785739210
2331758773
1741967006
1822370130
3979433070
1214788532
822951474
3967272127
2270532902
2575085814
3853827617
658040496
3522352800
4217940331
3402048959
2930487037
2196240219
2595912879
3219715988
2141012031
2927343761
67990212
1224731139
3111348710
491195584
1037556311
3073350383
623874404
4004470482
3714241864
269458534
375646768
1056379850
4202238785
2816787287
674496984
845096360
3646993410
1167701076
1213131026
3966785471
521261560
3226838904
1165249558
3536511083
3009946472
3704101746
3070110574
331044635
2344661570
791946831
3931852349
965202916
3788005365
4250861372
1105761966
923000383
2447041113
1288505774
3423232074
3265752529
3967372405
2827799479
3716889259
1722593990
867150096
3066285663
1102077063
1726690074
2528218727
3876318742
3252236758
4164586869
2872720110
2417081918
1778094542
1638053621
3121022860
1636372574
1814487320
1166214427
854462753
2080953607
1986264430
1317629756
3092857706
2514049802
1434290490
3591837502
3419617494
4008578942
3369000694
1139436116
2221769551
374736708
1456518336
3660308408
4070532573
1844628760
1934147981
3136987455
1557773581
1953986945
230781826
1773334218
1237094987
2976622265
18796021
4063390450
2839668714
2112666047
3868053205
1015176036
3437290645
433631857
1586943936
61919904
1510412495
2797863444
1199410610
1178047109
774779456
3660426987
2970199669
855246325
2334022065
3076366579
3840590517
207767750
1840587107
1226213541
89604963
3910328124
2393073010
3560234643
1888042135
1080896029
127021510
3550025057
1101150294
2757951965
4130448433
976779718
1103522126
1472769515
899684302
4159144057
1589486450
1184860182
4248877167
2149622198
336161380
1670955471
3826284927
1246623209
4193503978
1577705345
1159637669
3732458798
938623964
2941194557
3151160934
902044451
2200796618
2423027034
2858001213
749604031
1376023059
1854200850
2089665831
1511602531
1853457071
79543841
1964901935
3170168981
711591684
729222585
2582271537
2068369387
2197988336
3959015290
3135008834
3108091478
3298710347
1509741981
2770615054
2056354255
3303155343
3791802173
2698061379
2660711573
918119869
1654179611
826013199
2682071340
2992115220
2603046688
1122736484
1364200382
724971378
4083976464
4208540061
307558490
1184450080
1826542567
3327557182
2024919978
477397424
2143606690
3677270302
3485420789
1073988946
3967117847
633547850
334226974
537946346
558766105
1569772520
2466858733
2875283000
3629255170
1664936257
3386072115
3412156318
2683546689
86725333
1082213277
1350355364
3706854219
3264677175
2590079851
4095918033
701530342
2443631191
38899987
3891738518
3204969351
3970733210
2497740331
2645326611
691919375
8236829
4280513111
1744679122
3772707783
2975451807
4233465643
3821359871
2739695403
2009833013
2536677493
3097948467
1191649461
1892165733
962543647
3449390584
4152937949
4212620374
2804640893
3790100710
3402960610
978691427
1399723112
2056894317
2794704755
199024073
964946954
1517963151
3463375431
3683476247
3641368561
367123790
2804027320
347356347
3399387308
1962577476
176650293
2038558708
250471264
2311704106
1643206108
1771177567
1601662272
3147364531
3104271957
1412697454
1317481768
1184303036
2381139277
1334094937
1175890856
2961566501
4220706532
1519752307
1373170315
679891721
3423003747
1994207127
2778541517
3906687473
2971584227
1354962101
1874591372
4218003284
1135215586
709862298
2311619155
881702422
1035374323
3809251472
2748530640
518895705
902554429
3832320410
3703167122
2017211138
2265658640
2332743551
1587347096
1874033788
2172398088
3086075817
3747785167
1495859380
363075720
929950293
1754853436
264804467
3801951407
38288574
1314672690
2158078184
1335100068
1779216549
2246819392
3076330878
3731758756
2723038765
3628263161
3673940807
4222734167
1893002285
3906042938
2134437933
3035359600
3448206926
2433224923
4204668525
2713204128
1742529302
3854858141
1900108691
117960603
2939653866
2881033433
499660909
814440791
3758796806
3644945586
1519197439
3132889558
4249246006
2645482881
4007992219
45908613
2237227070
1672784604
468196811
2425192137
2113960430
700895769
3316487169
1774731967
3138993013
639230965
2746748372
3156982978
36247383
1348794863
2692498832
2296613261
2929122058
507665680
3456197523
1523573995
2112087002
3681757105
1414925571
2271813512
1522223750
257635522
2333528575
1484020764
3001906687
2932694171
3104716493
1937677912
2419538230
1671179272
147431282
424058975
29249262
968669341
2941450794
133626897
2571064974
1259516782
2024798321
440814396
3309855805
926516904
879811925
1353114786
3726628342
2493442629
2352683139
1793804047
3242750855
179943859
2327428372
2228002217
2472486512
2443552545
3752676760
1371045029
1378469703
524600037
340833454
1628198053
3607063061
2566282941
2946212395
2654643775
610348204
3462970204
3575088319
3709818060
3860599891
46345848
2660898299
2709824694
277338305
3238790905
2318641930
1627855337
1194230914
845170899
3913696719
1653071031
1038563895
1855184309
3443141329
1871673878
2016836260
3719383412
1109744660
2265885502
282480879
1460146815
308837423
2666307108
3084611080
1132330064
2631336926
1909405526
3214912998
3466346355
4089734483
3175478434
748464738
4149095273
119807382
2446752447
3166130459
1224407828
449772611
278763921
2970495841
645489687
3179778551
2848454558
930434026
2075648917
2228662224
3023289530
4149419507
3222957959
2150749997
658683483
1391105673
3528994520
2576541640
446719436
1870139053
3282245771
3871459348
400023262
636756919
1264380864
4150691005
2888409401
499457561
1110684788
1206023386
1066933812
2669079019
3170437339
3125221178
384674378
2900661661
4143208694
1110472240
527213235
4291871504
2863393761
2513886163
148308844
2435895965
667565411
2638226266
1037136490
1103886884
2367528618
353087034
3870654398
2000125946
3653370085
2852374430
3163380390
3568171956
2234506734
1341014267
1740916331
3781734081
3504661651
1427393728
2069002005
3502831232
2275124539
4266292494
3875507669
3564514003
1439134105
1079730168
2057660106
2825094723
677480276
1729858835
4256677998
1001300157
393256353
3561528266
401668557
1805537203
895604895
2631182069
1924215874
1339108088
2444304635
236365500
1063701432
1882802846
2373477044
153526542
3668572533
3140934304
1654085330
3872072887
1248557033
1631457028
2712022197
1503655901
752431765
1261864697
1763232329
2656765838
2667094914
2288190598
1704939692
3974778337
2767056165
3692087080
4228978801
2523337120
2456068065
1483590653
2198677675
4043207549
1180157
244910460
3853538521
788300221
236851404
3569938704
2885023351
2468820530
3518741533
40876569
168454669
1156050472
4215107409
2336622783
533532101
1512757264
4220103442
2511561419
3550548381
385573117
1821753260
3649537994
1494308779
808491235
3000657200
1542397730
2005925949
3361623136
937156157
4239671234
3492678280
2073559741
2736078696
874237010
1816408540
2869570722
3923998770
3643069269
2916065418
207255913
1379801192
2925249428
2797216468
2264541076
3686946440
2391327410
4271022778
3442655598
2580527436
2035322687
2464759347
1889834118
2628725238
710785482
4127662430
1724627583
239498476
393079496
3346837309
764984407
1013477347
4118803243
4208470085
687743247
2144026213
1205639549
974052325
3234879119
1418485295
1235086420
2660444616
3691886895
33702768
3043026641
2078023519
443009238
3645321240
1935221262
934345920
455435724
3605226313
1510761543
2181364069
4168705164
754310431
852965256
3969493267
2802849969
4170688393
1090450137
4248378330
3830008765
1688830081
3030429627
1273522211
3114535778
2525181170
908407502
3287668152
59175588
1607817467
2402038908
4054787776
354679627
2262942009
4176829603
1129125943
2352892378
99782479
3901666208
1178411756
1440011657
1397236517
1993545891
80605193
819914028
1994342655
712817421
1227322211
1092214158
3122304451
1933453679
1854249070
3808378466
569687592
4240526819
2695294685
2615726640
1990663721
367893463
865134327
1046896525
3245020488
348641825
2869862467
3699364833
1944129861
1394219335
950513362
74513768
840316027
165579893
2261266753
2377409487
3306928568
717806130
891164868
880170669
4170046407
2771791940
2055278704
329848592
290864625
2477943800
3261064593
2232701128
3494708253
2630013484
3886495962
3927971381
1999454941
1745783813
3469100560
2470371637
3237328935
2672577336
59099294
1848531170
2488609882
4045719046
3793203138
1974528639
2436662137
2406692163
3101592249
2896218631
3505153219
3459521229
2872675156
1421979174
1528836135
532556195
3470793714
3927753415
1270178933
2885711296
3735210151
3609421998
3070475383
2849565014
1720118655
2083048935
3035622155
2664661903
2441365428
2603505269
22896350
3099950008
3302346609
3030975899
3124369916
1169201562
701799219
455732914
348907014
2294138970
831273200
822188462
2564858477
4013176786
3446546925
988178656
2438254474
4144298429
3924881853
2366284568
3417541817
3526420338
1492236143
2863730823
221031995
3068416368
2100809747
653550164
16561026
89403551
2645688269
552271319
1355207754
1883893845
3478247098
2358760655
181134849
216419028
2627638100
1953123070
3661508322
1389784297
291295220
3151426445
2708943652
2832101713
3752315143
3991328580
104037384
2734763580
107061504
2813657740
3425158993
1414962562
1465522111
243702693
2726623492
1252356791
859519344
3920860734
4276746202
3660684002
898073969
317652293
1320169950
306209945
89874588
2504296302
1303081067
2807324973
2955991390
3603864610
2927869773
1077275420
2243690263
