2886210587
3754282174
2042657351
2817941651
1062581232
2390150301
3062868622
3958191734
3253981089
156954468
615781017
231320490
1064134920
2848738304
2816694913
3581709212
688389702
1269495250
446455714
1118372229
1912931825
520657663
2787761958
3292449357
2064558333
2007762709
2395134261
2233934531
3656441241
3915816638
4294961300
3260311476
940591512
2836953174
3738461157
828471237
1189115298
2402631822
1014589284
3715234241
2658494960
2913087093
982929029
1124457735
1786672650
4253349866
480069043
83916331
1707925975
18888547
3006951011
1385884573
3272679859
3553499485
685364312
1967711286
1839269650
478947567
3220921553
2241536394
2600002249
3741732294
938585310
3709722607
1329123903
3734033401
192315370
2091654498
2600374052
1626093269
2397202800
287613125
708585960
2439732558
501451559
1580047184
3135248273
3761357306
1865293847
134257667
1637243970
1224674936
1637917843
2167036238
769039640
3196666473
3599190728
788207009
1631316789
752010422
3682261036
2171437989
185843497
3443180345
2875264763
2686494287
938002290
1000603937
3128185107
3805742280
1263194057
2456341562
1357205803
1815734774
731129011
430025378
2354748823
1294140006
472166068
1114232244
1909752139
1486683200
3107666854
3386930203
1849050798
530622853
318308192
715114970
953405525
1306308589
3177633084
4082516618
3124590658
4067399086
3401610467
2247172957
2310054040
1373626715
880013389
4071870838
950551507
1624387170
2440822478
3743817985
126327247
3153434495
958637601
915513510
3628201137
2406985031
1944929468
3586086262
2090388983
889267490
3693920310
3494342110
874006945
1028804922
1839212232
1908305624
2008836843
2149692170
1899625422
2135577106
2663395076
1589864672
3817480233
3434710368
2169169117
1814926763
863594376
1260418862
3923521629
3507350367
3042898828
478414796
2940173736
419669253
3795564334
4165892418
1506717033
4241074564
3891461911
2424746252
2274762349
475187279
540797906
3141980392
1503239020
1171370838
3042730629
4019966547
3207958156
375977364
201873939
2801587352
3069232502
2090203825
3575245745
1136754529
1581456262
614561166
4070659169
641924680
3036011072
2010242555
1328450063
4066536570
159527640
4215677049
4095940259
782912104
1061525152
1903853507
1536595551
4293284121
848869488
3697296756
2845509718
4184732385
3886541797
857215179
2331517440
1653413777
1410674087
2961764711
1809228789
2479103210
2686542971
3012403009
2761392374
1382784948
1342625303
2238240052
1789568661
2426251993
3422918162
198849570
2105712586
3125629021
1003845773
1122844005
4155496104
467912963
3595623980
90199319
3466718142
250495651
3815896085
2916722896
2466112170
1015327164
2817399148
760187713
3064950434
843857307
2655116855
1062413880
1886375524
701744678
3009738771
4282661168
2486666695
2019572083
3971338028
1244053876
958353028
4292450861
3722330878
1561453895
2979557816
2442377669
3597374045
1211480606
3742173825
845994039
182157210
1623492615
835905263
256640061
2692144788
1844662949
2431467062
192855623
3957688485
2968612178
1990139896
1495125296
2288206395
4246577952
1985020798
1402379883
1332741174
2320816158
2463129436
3890942901
1592627030
3242428093
766023272
1197057252
249551182
3249490918
2213289826
1211041230
505473529
2103797837
1941137231
440721526
727099227
3940013825
1577657218
2615562874
702629050
3240753477
4187493399
2962068232
431157945
1944492162
1175139366
2398152519
1471202674
3303638664
1481511381
2073273868
2052256729
486283647
57635618
2277175847
3252915908
1455253748
2206310565
3280551780
3272241102
61560633
1002012994
824036355
1907637465
3834693132
4065993760
3694987677
2577475436
2327308066
3899214176
3271608845
843749392
2189765953
1109381750
2479212849
3312179505
2576725830
1473288849
789920873
1451121110
3171986830
1844856313
2316059775
1337918745
2757538753
2746152564
711927620
744140654
2760974758
3801032610
1912647454
3859308740
3155620463
2386445312
236476052
633608644
1814558004
2642159655
153514244
3439129531
4071097587
1081673905
906305816
4204641515
3267810408
796350645
3659975841
21662287
1036583973
3367976575
2024726837
3575037517
3288339298
1090924352
55334922
3669603190
2433008321
1947267029
212713046
985325266
849372439
276862181
716233308
2533846176
2862886412
1833833021
3892481877
643763597
3998069025
1257102735
2790950432
4284986272
1610657109
371855850
3312283971
1809753965
2414538968
3005921877
3031129884
2873001430
1587184388
4118665957
2863726922
1888434202
1910665238
1787146018
689372747
1603714367
1235593892
2555360179
3321858864
1451599174
742735688
3661118239
729661743
1348168685
2495276605
3995695244
573706411
123408645
532879153
2451469100
1753577857
3805887936
1643453915
1760810896
3749864097
3386663232
761140663
1829520211
3849131359
744203355
311076990
3232449024
1160598986
1607084051
1937534948
635036943
3567354882
4077318922
4219011640
3376090298
3356553843
1030341912
3719949918
258371643
4124120979
3414476424
525888490
3749367559
2054469979
2823370371
1307552536
858153301
1114544595
1127874394
23849015
2854262453
1712705560
62797420
2541988274
65005213
1093646225
1458881005
936863302
84023905
2597918746
968852232
961628338
2290565176
4027842286
3020250408
1870219510
3548514695
2308947627
2843432358
3138056307
3988748687
2125935856
1315993946
924453434
1559042159
2994487671
3342529024
396536342
2399872523
2753465312
1569660781
1253961042
3009495021
926581179
662819465
1100840099
1982832117
945476245
2490992599
1696057020
992196617
4229708821
133020749
1218160086
2712137234
3617451363
2322519748
1700624163
3099737384
2311171874
1181091964
2139564463
1552433559
3841602178
2159003108
2187903936
3047831576
3354161164
502936898
493593035
157256785
2032863236
1862581917
1212904271
3333357729
1250988175
1099627100
2243029997
3255939667
2595242988
4142270213
533351285
21810490
2269993058
1013571368
2609293923
1415588462
925980469
3066483116
3117402211
627919598
2607640284
3359719279
561518513
4119269080
2368319375
4076932051
4122366092
8589687
3882394155
1801715803
3282896249
1469324444
624562858
1141503336
724761574
3257004895
3343296797
3401059774
3637526919
1591232513
1146788364
544052623
857865107
3699164687
4227691156
300859472
2939477566
29259775
1650936597
4177494341
604923735
4244262428
2308704977
3151984669
2342838205
3224890282
2210086919
1543421099
659787898
2892061573
2788358404
2242874814
1689609820
2285549965
1384162128
1739806747
705045193
2590450152
2698721211
2880847148
3481585137
777685947
370092607
3104158817
2097666052
3475694082
1264682000
3182667900
2487070208
3200770626
354380234
1290669270
3176976225
1189652939
1989565463
4189138419
3391743966
979146279
2102889512
4157768868
445941823
2354214060
463756531
3071033797
1973205883
379674267
1950591566
2122064166
79532251
2290953503
1895802849
3079154827
3584868380
1582675740
2131931761
4237709739
1075149146
940003691
2837776802
2566355063
1761322349
871287244
1503706759
4002225980
2467301033
2321077583
3314908352
2005684375
2149831393
2939535377
3556196949
2469634273
2987829445
242385020
3347437132
4008691168
3270414743
878771656
3252047121
4018833361
960662201
1535684406
3067471026
1340295588
2395903809
3575966554
1930349334
3269852045
2019483402
3177229308
1514477373
1883126054
2492621267
3569422630
3055653795
3991041869
1315110886
3079782491
1780066228
415455716
115830566
254243263
2145468888
2854250686
627399380
260800963
3660166363
2413646058
1348210285
2267745881
2781279990
206626680
3120528375
3717116965
2333137111
543910532
4024289945
3652778101
2507436297
1922123256
1011998124
983060204
482256757
3621506976
3706438488
3756109316
825555846
1478569914
212894213
1033167345
2435546981
4180206772
4010567702
2066173218
1632720053
872112724
1837795860
3196004967
745740167
2040698680
3609169573
474523630
467737944
1654942150
2524020300
2577908912
594415573
1576756700
983408956
2127798948
3566690071
3700256753
2245936953
3290063707
536824567
2554168516
3481871607
2443891973
3434948634
1209661850
3440353687
2149522082
3334144472
986814196
868582102
2458986019
2676407004
2749915567
4122074162
4081875902
1141586984
2345296065
3025995661
1371851417
3646046656
2024288337
1819246086
3145924959
3220558427
2997142065
1221406238
314658179
550413150
1376832292
405904227
87175027
3987470198
215466338
4181074386
1512092706
1775362306
1070570295
101085139
4262722718
3928334736
806171788
3061536342
331498077
1962566
769931125
3142338285
1065546983
1802801164
1516151587
3572784611
3628115228
2631157741
1735521001
1195383910
3734003860
1543546062
3786330751
2325919218
953058757
2088277393
1940999485
3328089556
2259615241
822527262
1537501269
1231586490
479054054
3577224763
2956913728
236530432
2196951159
2015937167
1223255267
2377285142
3713691874
3549901513
1356495657
4004686229
2912562973
3736000099
2768253100
2647518992
3113211024
852632724
574730357
3790363031
3800720617
1049268957
1634619855
1917398940
564476931
13285616
2757019826
3970991244
204192975
1953483814
2458901783
1266161998
1022901839
1743284181
2179974248
2235857747
784182707
2828820262
2254128086
1373261979
122520303
605218220
2293974075
1746572037
711879731
2508944751
3505779465
3263264731
4286894514
2244603298
2612811947
1556243342
3420159359
1172587174
3049740674
1245963178
1967085916
2528819381
2329050176
3254674358
4243914153
647712078
605784847
25580078
2738966789
2778971663
2874809918
2050598124
3733317792
195589527
3698228091
1046824378
3239271039
153348466
2341011394
3459593894
2865093655
3396019100
1917265563
3866224378
1157709516
418251652
2507552811
644520325
3915372682
942550703
1831899492
1909661847
1272415398
4154675043
3955189051
449120454
3548879813
92139000
3915813265
2740473523
2096889797
871402648
599367630
1571751297
1782078535
3950306560
2489144694
1817887563
2028920481
2626449783
2704167473
1815897078
3253234570
3880838952
2097934133
651644125
778792066
1938333878
3826729713
3976266756
3383665630
3695350011
1368323038
631387992
1076957340
4091865248
3337836146
3991776797
577381054
1409118187
649990239
2509531604
1876807898
3086305533
3955919076
2641090308
2913543727
3422565470
4197474923
131744799
2203266158
2205333717
120512214
3082644704
3331933110
4153825830
3351782031
86249671
837162904
3315497770
3495601706
2896439714
2751757021
2306897381
1577884422
3924924122
2025372884
3861400617
3737648899
1405041555
1442287253
4256908906
1716168001
2926823331
1821911424
4125830313
977615945
3595463082
4244651727
2504148380
2435930001
2382433601
4293893551
620844532
2241599862
866232757
1448608300
3162188194
1758346238
3142223357
2287063216
758527926
200238316
206448572
2155572818
983080401
2525399420
2578974591
2769204777
3608268747
792531395
827901172
1271051503
87047947
1302333270
2134627857
1713151363
3985402451
2182279493
2810428079
2990444868
1438173221
2037958131
1952450671
1499388332
3652357554
2596094032
2653431377
3500103362
2052240760
3521628877
738395836
