2281827322
2928815757
483135207
3606481763
580386160
1275587442
3801752613
1978549396
2931283031
1050271432
461809200
1322182241
262576000
597588124
3023534377
564161720
4136894416
116329119
1400601703
3790454088
2258050596
1823855454
4128410095
1027336685
1288072984
2877380188
1208122418
551526543
1877979067
2255377715
4151427373
1743146745
523256443
3398231209
2479344296
4268263257
1730103494
411750380
3920160356
12813014
2156452889
1956260013
2864411223
2611184534
4006009186
2832639410
3598412796
594678049
93432855
1545670695
2817557667
1353048704
2348587273
906005248
42859964
3593822542
1649712045
1533953587
468182453
1066383841
1115823342
1058570153
2248983683
3086059513
437635924
3855383108
1667226840
4097501326
2629798301
2703516773
3912801911
426734034
4181486812
3212402689
2371073938
1477967220
37897176
3606203572
3233669547
4261992766
4073405614
653399997
4197806847
3584837526
2552598743
2270425318
3849697140
1854159052
1014992950
3741796755
4119892482
4020127488
981185685
1937746247
3019098270
3148386536
1799464069
4141431991
3078010302
3187034682
2254826983
1643025487
4198918097
1841648753
3768917277
1235463489
874522756
2259881733
3303901645
1460730920
885936986
1863263699
644315768
4159875135
1218968517
1435395235
1064820182
3614143814
716345776
3269705070
2004000835
3202098657
2073940433
2458267813
1436293720
2694231905
3486756514
1059569981
1293071844
1224604677
1802081635
453691648
1363624475
3288347542
3051708801
357715236
2931283315
4174857334
1692916661
3888031249
16147180
3211639888
37221134
2180049226
2098783635
1983686937
2525951472
693210630
1033282809
1090626460
3286044905
3419834950
1544269400
1329123789
1544378583
3102751760
2390031222
1124172416
1571952016
2590476371
4284252694
3018702484
1166063444
3496289148
1155678925
1340079082
2616484420
1281590989
95009424
2941284750
2663819654
1305872885
3943123664
2161140992
4021616246
56372908
1591619947
2762583051
2332087819
1119709938
2877202941
3438173449
821070962
1935501247
1236764439
2940854184
144374328
368950285
3305754280
509775097
3862355234
4045906083
473198333
791805520
1661552127
1461169676
4216413745
3389141457
489530709
2555864184
3150759531
1324453204
3334986147
2902105898
4119688166
532636867
1552378508
3943695663
1726085948
1460631371
869698746
2575509864
4238257588
2657408107
3663891534
3389171205
904681271
3940155329
32138856
4067044826
1151581975
2060804951
2377683942
301213255
3864362231
3403572998
3811232243
2907068963
3790306353
3820811239
9118364
3661364763
2522488446
1901373644
3210333944
1677071373
2306486850
2447112948
691351555
4264353601
570307110
3887615057
1437029096
3485532969
430176777
2753264361
3279640944
2964854059
3198335269
2630122238
2381546416
3793531738
719381868
4095677408
1174623314
1082841938
4056190130
423009462
2689099534
538984294
75027119
356763728
744333827
3323669520
1554586535
3825642129
2377786606
1942580987
2487570184
968495199
4123353459
1015621024
3098140698
174811312
1470616805
518011354
3359271670
874012677
3373490066
3119944155
2734067896
1164399822
4212574823
549968018
743671564
975027588
1610211446
1979806562
859073525
1140605779
3793665085
178099705
3288851255
1917162534
2634465362
1682911902
3501607690
3977949839
2329558635
2087116876
98096834
1449762897
908619418
4086733443
147035253
4190686305
3848943622
3769288431
3944835671
2861867539
2851036833
2325915810
2129082246
2236019607
210445328
3280436732
1534980752
1756032277
2739480602
1122560372
2129234464
2279982936
1315534343
2197389041
3889241052
717178825
2077033009
1874927926
611507896
1619286336
2298439347
3103569492
4078288997
682082248
596735408
3237448999
1918995241
1136561162
1853578533
2515295657
3364855296
2430881235
4134752630
1080418741
3772402376
3072187479
844326761
2887784518
4063072605
3609550469
1511043150
3098941200
1124552430
3761915337
184366878
4009643378
2790273939
3596301334
3787695203
4148558188
270065401
3131891579
3404618547
529054925
2703751373
1818267124
2533609799
2401631770
893876586
1358851226
3487805195
465842828
1411458353
3054878885
1384094926
2439821049
3554562887
3324690396
320962013
2367117544
1263738971
3059946273
2098875023
495554672
2750315621
1053172812
1653847575
2546398588
1870833970
1222804681
3574474105
712980529
1741748752
367568161
2176194933
903231024
2449293383
3804694735
1343920816
2356886917
223440861
1632079119
2829268911
1942995063
796320628
3090301995
1998498569
1487673673
1158463168
1630685167
3017832492
4116505927
1468090441
1942283709
1343418816
804619120
1097334166
3272239405
2544500826
1437489089
3306581166
2495196923
3282123861
937349865
3520763860
635265647
435264789
2423089549
784690735
1821919475
688207902
524756559
1392163207
2934763506
2589381270
2970247952
2195446402
2640550989
3618335015
3492011073
4102416543
2727994309
569341547
3714624716
3865241519
3139217482
1908471881
3155675648
3811688811
1084247932
2141896373
418808300
3005382067
2818179536
2781378892
2014173854
2469111106
3430454070
2121665213
774070965
4150434583
99835636
1748247199
3347139455
847506298
4062147430
4104134381
2424141923
1213997974
2071364796
2462527152
949854295
289242709
477331955
1167100412
3154047760
4231948447
1790380582
996176557
3615356388
1974319111
1565201478
276637266
1233567179
2551043988
1998209155
3131212585
570580743
835693553
2637109118
117993304
2671932295
2107734697
892096755
4011369092
1658468676
2209056344
3062921289
129502642
4022189463
953993624
1453778495
1681897538
3754612438
4085795747
223782743
385337188
926581237
647164425
2645285518
669976675
403462435
1060443191
2940577165
3595635750
3788459282
222915095
4142273041
2146593214
3385748273
847339958
1306869001
1350989867
699883258
2689665134
1468187810
2751090873
457071523
1715824456
3462912587
753258718
1233558172
1053141556
1643533175
1336722451
3818798549
2465477766
1589941338
3957784219
337556327
1250366096
4017669962
653561871
3530265608
963895699
3218557515
232688317
1963849066
2108278747
4003317122
1326242359
89186750
508012532
1390050807
1299255160
1254807101
1363383150
940061939
2115919635
3805678111
2982835324
3224019175
3047447489
1022310237
2320709315
3506823986
3100886333
792401799
3265495773
460453522
1480548121
2953114213
1819837947
3706008992
3914429471
2114266308
964013209
1006966336
43146187
2623419831
1668682569
4144481726
2009409112
3311049877
2410779377
129546838
892946633
1106564352
2624806487
3298868252
3117472151
3940270773
3888532485
3130167982
1684714983
2937128176
1492554750
4238606426
2006304730
2503433149
1491064433
2127197146
2549886525
1323460212
1833288869
2154576882
429630820
2335177207
878611001
1463286804
2960653276
3589747572
3247811103
1771046420
3252833308
3304358059
2315432900
2202148154
821903796
436826394
3914233179
1079633744
3754581575
4098115096
361498134
51599160
425518665
967584124
541705833
2566768869
3622019849
2539992862
2488907812
2754647706
1781592468
543080088
1525988660
2316977567
2109529915
3696869725
2734411957
3947976840
3479825100
2827572042
730134565
1406419192
2640354511
1624569306
3890295083
3803882807
4201289587
1978367851
39597990
2030626117
3031367991
2949182106
486001952
3251230793
3899548
2622194675
116229013
4034051348
666368627
38464114
3983699761
2774865504
2554439380
1752250348
2856674278
1794370718
4016715595
514288142
677963235
209041925
264883224
3995425065
1772959664
85584158
953847381
4237986122
997823538
2969242287
1635643939
2121695395
1652523159
3590752098
1076552741
896281350
1385522917
90787599
973781737
2054316241
2413073384
2299353591
3360811094
2257044816
2500075618
4102098594
1331665945
2028323945
4021476515
3076393717
3454475681
2082124691
995192630
368881967
1345743350
3954059155
545657429
132327426
4201748697
1625351570
401478558
2152737192
2452935749
1209007860
901535108
2470003703
3609586030
4096919196
2629456398
1736672966
1141344664
2831557549
314278556
1927984932
855456496
1823681944
475945200
4058740933
853657251
2638496756
308862994
1106744616
3998294688
1982578582
883535576
3814229773
486887967
1356719521
570671791
2107638968
1311268571
2467913322
3736120281
1084069994
3348117704
2421872248
503607261
3240119222
1111883512
3451693589
1953701174
3221907705
910004446
1367366883
4161271743
1146813205
1936638435
1921256027
3615014397
4240807880
9800943
3225870916
1460215908
3592498731
1202083578
2547505227
4268310129
2296875797
1977920577
4227664214
1254906221
798767903
3304092430
1260622183
2585254773
934330039
2962060625
2526694712
2040952501
3868660174
1218256306
585510337
3586170467
3142799027
218487445
307201725
712598023
2874920204
4115798685
4175931069
2886159647
1029964487
1719992835
3323674337
144025124
4190421223
107105975
106905110
2053023529
2041316365
1136578774
714670217
1570418714
3012941236
686960385
476593449
949611721
1804345308
986893069
1286729143
1970780098
452956094
248386997
3216214286
3616223559
1745940438
634108199
4189198600
4186481577
2844227086
871803232
2673394887
2316893843
4117413827
3865732705
2382755616
330014225
3857812416
3330094945
2252879976
2727802292
3659802168
64532511
4283382285
653358444
325529583
709826237
1715688905
3920531637
2013492796
2249852886
1287076619
3905053634
1567975473
2258598116
911489553
1261313995
3614797880
31666960
2661461527
3497837271
3070546977
3690346390
2622584908
3603034317
3475681813
3813598640
1718751009
3873407836
3998912125
3762936584
1568646594
2530879287
1617698378
586996312
3602862038
3641240867
1176943823
2831158027
1551276165
4006679192
2353021357
1145787481
3826436469
2994608618
2227286219
2271433737
3759841593
790517256
1364254646
1277035378
2202986184
3323901294
3429492325
219430113
3949207490
2634358876
3678534993
680759464
1552138134
2044782501
640855543
454547593
1797518185
3615655596
4269195190
1517473811
2873061612
1259358801
1884920147
81594624
2945180600
3055376618
2095818538
223081266
2103158960
3056531217
3316233203
2247608717
375243056
3751141208
1580766776
3848338507
853276247
718474966
2792982743
394617220
618323880
3899702226
3387578626
3959231985
2675564038
3785069380
3450439894
2131145776
1828080572
4079754650
2818548673
3118832404
4213801168
3923189290
1334218383
3792020748
263195901
404581081
2864143977
1023221192
1268379078
3694491369
602009657
839494389
3004110864
1369526635
2742616556
2115730367
1400054545
91411055
1031119147
2104167414
1616567967
1420456067
1196537447
3036593926
239008964
3348683678
805472156
736792807
3996290875
2303362373
1778429787
1694790195
2051390097
1369058707
2876869916
1757575492
3705032688
616260775
4292829971
2626334822
2160510664
2449634933
1034445201
1081243394
1786904437
3441113500
922070825
3749493062
2812114168
618221333
1807304554
3796763907
2753523303
933306154
178408760
1080837414
1995247870
2771161166
3569051145
4134676880
468319804
846808980
674879353
1086474156
2684971496
2165293508
88846320
3394187871
3999773104
