5.29875933932584520
0.34821390611351977
2.84515362287562730
-2.92253821662815080
-3.39751018902842090
-2.52018682950265130
-2.59694985191427860
-3.23071992895545270
6.63551410872581290
-0.12652377856271710
0.08257103514952904
2.59916893318626090
1.89019023367044550
5.15408817281364500
2.19007264034391550
-3.42086347622702340
2.33228759123711390
5.88869566318573060
6.46992443958497800
6.27659123294968960
-2.94212039274482210
0.29177595484695806
6.65660373305828750
2.57886670342053040
6.56570413186382670
0.21200909416987815
6.97671591042860670
0.39008173484534858
6.11965139726604070
2.07072439906643440
6.10347698796118010
-0.08417683977502592
-2.76136786787057310
6.44655672820435480
-4.37265318806332550
6.27753025387573520
3.42267758854335250
3.23503643358589610
3.39771535599166350
3.47070552458640740
-2.84312019911056970
6.29917346859585340
-2.91675359603165020
4.83841925312727380
6.18978452815304700
3.57586002618576160
-1.96368351699731190
5.58299561007704970
2.29495399087531120
3.40977444864285850
-2.63752149546171650
-0.08269102658156452
-2.86875970868771990
6.25621569305526300
-3.30719909934451550
-0.56957550491030973
-3.62368519076790110
2.33333874160979530
-3.65295786658134110
3.90699939297439960
6.41222927934073450
6.44657185182451190
-0.94456440972604028
2.68046389697264780
5.50628125240591700
5.50679800795573280
-3.11559752725411880
-3.10259681395509410
0.11281680852624618
0.54188488879327101
-3.24826698745436770
-0.05246657193866107
2.84730134235034440
3.13008033566374210
-2.97076096146254140
5.06876785974935280
5.60175732051351360
3.04777431597637040
-0.26244520935438931
0.17338137986599528
2.59730099153233460
0.36840439400052444
3.18840677292464970
2.74273376019592340
5.57171809185346060
-3.35206151294152300
-0.02152024236368802
7.07641543849123790
-0.05482319886357518
2.25033492218949020
5.27889803699626010
0.54051875771844571
-1.03929814504655660
5.71300399760399370
-0.04555242498021287
-0.43195901076762910
0.45371846556613604
-0.39612409924264730
5.99804356143901090
3.08510831847095130
