-0.00501983422577359
0.0190255021101724
-0.0661881961229502
0.097336673064335
4.68184710268953
8.87302909558736
9.22773434858563
11.45993602980807
12.3797992053381
9.34326073356752
8.81563539736783
9.5735976815741
8.93530528847354
9.6095323669387
9.8682761807142
7.58235524591176
8.36247300036969
7.8112107791523
8.98735650871226
8.40872535117855
6.69814564498163
8.01129423382567
7.37430988778437
5.47442656474305
7.06067777256831
5.09982976254094
5.635048519047
4.3518222529957
4.03829028199849
3.25365377951844
2.65614907945676
2.002713292454
