ninja: Entering directory `../../build/intel-Release'
[1/1] Running rng_engine
===========================================================================================================
RNGType               Size Align    GB/s (Loop)   GB/s (Batch)     cpB (Loop)    cpB (Batch) Deterministics
-----------------------------------------------------------------------------------------------------------
mt19937               2504     8       0.738699       0.629642       3.505421       4.114562         Passed
mt19937_64            2504     8       1.491767       1.518964       1.733189       1.702452         Passed
minstd_rand0             4     4       0.391311       0.426231       6.623398       6.080186         Passed
minstd_rand              4     4       0.441087       0.485225       5.875585       5.340881         Passed
ranlux24_base          112     8       0.342171       0.370710       7.575813       6.992170         Passed
ranlux48_base          112     8       0.523954       0.534570       4.945744       4.847066         Passed
ranlux24               120     8       0.034679       0.040409      74.794067      64.186743         Passed
ranlux48               120     8       0.014571       0.017062     178.016159     152.024563         Passed
knuth_b               1032     4       0.181656       0.179744      14.273912      14.425871         Passed
Philox2x32              32     8       0.839456       1.289815       3.085090       2.006136         Passed
Philox4x32              48     8       0.503497       1.360084       5.146653       1.902727         Passed
Philox2x64              48     8       1.039296       1.732298       2.490838       1.492284         Passed
Philox4x64              88     8       0.425655       2.316500       6.088188       1.114610         Passed
Philox2x32_64           32     8       0.804569       1.125958       3.218040       2.297601         Passed
Philox4x32_64           48     8       0.490113       0.910494       5.286081       2.843367         Passed
Philox2x64_64           48     8       0.862133       1.193425       3.003200       2.168088         Passed
Philox4x64_64           88     8       0.417006       1.706800       6.214920       1.514358         Passed
Threefry2x32            40     8       0.132320       0.689693      19.598172       3.755584         Passed
Threefry4x32            64     8       0.359445       0.395686       7.211176       6.550801         Passed
Threefry2x64            64     8       0.804608       1.154658       3.218784       2.241357         Passed
Threefry4x64           112     8       0.657410       0.769779       3.940228       3.364606         Passed
Threefry8x64           208     8       0.957488       1.144822       2.703569       2.260583         Passed
Threefry16x64          400     8       0.347652       0.369529       7.456266       7.014515         Passed
Threefry2x32_64         40     8       0.136529       0.694675      18.994089       3.728542         Passed
Threefry4x32_64         64     8       0.365981       0.398212       7.082017       6.508780         Passed
Threefry2x64_64         64     8       0.946400       1.152533       2.735903       2.245866         Passed
Threefry4x64_64        112     8       0.683285       0.755952       3.790687       3.426394         Passed
Threefry8x64_64        208     8       0.998326       1.145963       2.593348       2.258404         Passed
Threefry16x64_64       400     8       0.357666       0.369268       7.247696       7.020094         Passed
AES128x1               224    16       0.554251       0.632289       4.674757       4.097446         Passed
AES128x2               240    16       0.849603       1.020061       3.047444       2.537638         Passed
AES128x4               272    16       1.462155       1.840331       1.768670       1.404202         Passed
AES128x8               336    16       1.717635       3.030918       1.504820       0.846263         Passed
AES128x1_64            224    16       0.572443       0.626199       4.525779       4.137532         Passed
AES128x2_64            240    16       0.897279       1.022406       2.885517       2.531587         Passed
AES128x4_64            272    16       1.565404       1.865331       1.651941       1.386061         Passed
AES128x8_64            336    16       2.013891       3.006732       1.283006       0.857863         Passed
AES192x1               256    16       0.488057       0.542687       5.309744       4.775330         Passed
AES192x2               272    16       0.792663       0.921174       3.267431       2.811076         Passed
AES192x4               304    16       1.366179       1.689439       1.893559       1.530518         Passed
AES192x8               368    16       1.780756       2.737363       1.451651       0.942542         Passed
AES192x1_64            256    16       0.483524       0.549853       5.359323       4.712455         Passed
AES192x2_64            272    16       0.822672       0.921277       3.147649       2.810263         Passed
AES192x4_64            304    16       1.464159       1.673982       1.765971       1.544169         Passed
AES192x8_64            368    16       1.947807       2.723230       1.325992       0.947391         Passed
AES256x1               288    16       0.441227       0.490755       5.873193       5.280592         Passed
AES256x2               304    16       0.730411       0.840402       3.545794       3.081281         Passed
AES256x4               336    16       1.248157       1.531631       2.072330       1.688725         Passed
AES256x8               400    16       1.612143       2.474781       1.603851       1.043090         Passed
AES256x1_64            288    16       0.457898       0.487009       5.659296       5.321279         Passed
AES256x2_64            304    16       0.757170       0.834733       3.420845       3.102504         Passed
AES256x4_64            336    16       1.320398       1.516322       1.959304       1.705462         Passed
AES256x8_64            400    16       1.774351       2.507166       1.456362       1.029890         Passed
ARSx1                   64    16       0.769400       1.022484       3.365512       2.531947         Passed
ARSx2                   80    16       1.093167       1.486600       2.367520       1.739952         Passed
ARSx4                  112    16       1.779962       2.554756       1.451665       1.010253         Passed
ARSx8                  176    16       2.279060       3.704749       1.132829       0.695023         Passed
ARSx1_64                64    16       0.811181       1.032415       3.191940       2.507543         Passed
ARSx2_64                80    16       1.172535       1.473875       2.206709       1.754964         Passed
ARSx4_64               112    16       1.939709       2.544952       1.328744       1.014300         Passed
ARSx8_64               176    16       2.679445       3.716410       0.963021       0.693037         Passed
RDRAND16                 1     1       0.021678       0.021878     119.654868     118.559125         Passed
RDRAND32                 1     1       0.043256       0.044052      59.962900      58.878864         Passed
RDRAND64                 1     1       0.080218       0.084258      32.328603      30.780171         Passed
MKL_MCG59               40     8       2.348900       7.137714       1.098918       0.358324         Passed
MKL_MCG59_64            40     8       2.592169       6.972786       0.995360       0.366886         Passed
MKL_MT19937             40     8       2.750412       8.765150       0.937585       0.290627         Passed
MKL_MT19937_64          40     8       3.349452       9.300917       0.768716       0.273961         Passed
MKL_MT2203              40     8       2.995551      13.330103       0.861015       0.190048         Passed
MKL_MT2203_64           40     8       3.336745      12.211078       0.771978       0.207348         Passed
MKL_STMT19937           40     8       2.896462      14.477966       0.890308       0.174046         Passed
MKL_STMT19937_64        40     8       3.423309      14.991237       0.752920       0.168593         Passed
MKL_NONDETERM           40     8       0.085334       0.087900      30.392713      29.505824         Passed
MKL_NONDETERM_64        40     8       0.085429       0.084736      30.357834      30.606478         Passed
MKL_ARS5                40     8       2.501845       8.230143       1.031604       0.309836         Passed
MKL_ARS5_64             40     8       2.821004       8.424642       0.915046       0.303438         Passed
MKL_PHILOX4X32X10       40     8       2.047627       4.623515       1.261610       0.555980         Passed
MKL_PHILOX4X32X10_64    40     8       2.265950       4.694085       1.131570       0.548003         Passed
-----------------------------------------------------------------------------------------------------------
