ninja: Entering directory `../../build/gcc-Release'
[1/1] Running rng_engine
===========================================================================================================
RNGType               Size Align    GB/s (Loop)   GB/s (Batch)     cpB (Loop)    cpB (Batch) Deterministics
-----------------------------------------------------------------------------------------------------------
mt19937               2504     8       0.758159       0.750848       3.412575       3.445286         Passed
mt19937_64            2504     8       1.722912       1.814230       1.499048       1.425355         Passed
minstd_rand0             4     4       0.447390       0.453992       5.792352       5.706263         Passed
minstd_rand              4     4       0.438595       0.438659       5.904711       5.910046         Passed
ranlux24_base          112     8       0.334571       0.332799       7.734815       7.785486         Passed
ranlux48_base          112     8       0.596000       0.603266       4.342947       4.291026         Passed
ranlux24               120     8       0.035358       0.035129      73.347047      73.814691         Passed
ranlux48               120     8       0.016735       0.016844     154.975300     153.976588         Passed
knuth_b               1032     4       0.102283       0.102579      25.350572      25.281272         Passed
Philox2x32              32     8       0.372851       0.541797       6.949019       4.779517         Passed
Philox4x32              48     8       0.186688       1.239790      13.879788       2.086427         Passed
Philox2x64              48     8       0.634033       1.091817       4.083686       2.368892         Passed
Philox4x64              88     8       0.534293       1.224890       4.848711       2.108673         Passed
Philox2x32_64           32     8       0.396419       0.561769       6.537276       4.609344         Passed
Philox4x32_64           48     8       0.187991       1.195760      13.787104       2.162586         Passed
Philox2x64_64           48     8       0.651989       1.036841       3.968327       2.491519         Passed
Philox4x64_64           88     8       0.499048       1.128490       5.185374       2.291236         Passed
Threefry2x32            40     8       0.432128       0.468387       5.992437       5.529270         Passed
Threefry4x32            64     8       0.644360       0.710727       4.018644       3.646765         Passed
Threefry2x64            64     8       0.719133       0.896769       3.599362       2.885319         Passed
Threefry4x64           112     8       1.171699       1.390053       2.204979       1.858257         Passed
Threefry8x64           208     8       1.448790       1.753305       1.784429       1.473312         Passed
Threefry16x64          400     8       0.510194       0.537960       5.080435       4.816066         Passed
Threefry2x32_64         40     8       0.403946       0.417763       6.407892       6.199138         Passed
Threefry4x32_64         64     8       0.527485       0.577731       4.905229       4.483454         Passed
Threefry2x64_64         64     8       0.693377       0.842703       3.732820       3.067174         Passed
Threefry4x64_64        112     8       1.116742       1.297968       2.314619       1.993355         Passed
Threefry8x64_64        208     8       1.398525       1.646513       1.847600       1.568719         Passed
Threefry16x64_64       400     8       0.458525       0.493303       5.646274       5.250433         Passed
AES128x1               224    16       0.428152       0.569217       6.048477       4.550454         Passed
AES128x2               240    16       0.830140       0.996551       3.116361       2.595946         Passed
AES128x4               272    16       1.516578       1.978102       1.705762       1.306921         Passed
AES128x8               336    16       2.051732       3.041942       1.257820       0.843968         Passed
AES128x1_64            224    16       0.457306       0.574011       5.660437       4.512042         Passed
AES128x2_64            240    16       0.917299       0.992845       2.821334       2.604386         Passed
AES128x4_64            272    16       1.519666       1.827814       1.698488       1.415286         Passed
AES128x8_64            336    16       2.183121       2.951572       1.182724       0.872055         Passed
AES192x1               256    16       0.417649       0.474305       6.200378       5.459111         Passed
AES192x2               272    16       0.636253       0.751028       4.066553       3.445586         Passed
AES192x4               304    16       1.082385       1.395928       2.389194       1.849365         Passed
AES192x8               368    16       1.497602       2.132432       1.723718       1.209022         Passed
AES192x1_64            256    16       0.424170       0.469455       6.107127       5.516331         Passed
AES192x2_64            272    16       0.789164       0.857833       3.277684       3.019065         Passed
AES192x4_64            304    16       1.202063       1.436135       2.151665       1.798390         Passed
AES192x8_64            368    16       1.966747       2.527326       1.310814       1.019830         Passed
AES256x1               288    16       0.345943       0.395228       7.491773       6.556240         Passed
AES256x2               304    16       0.655936       0.753439       3.953029       3.439217         Passed
AES256x4               336    16       1.093737       1.361372       2.365178       1.899945         Passed
AES256x8               400    16       1.626813       2.230154       1.590075       1.155285         Passed
AES256x1_64            288    16       0.367150       0.402679       7.054590       6.435189         Passed
AES256x2_64            304    16       0.634059       0.685369       4.084137       3.776395         Passed
AES256x4_64            336    16       1.204317       1.397738       2.146554       1.846853         Passed
AES256x8_64            400    16       1.754606       2.212617       1.470062       1.162690         Passed
ARSx1                   64    16       0.684640       0.855125       3.774964       3.027038         Passed
ARSx2                   80    16       1.189273       1.566480       2.175679       1.646491         Passed
ARSx4                  112    16       1.468409       2.172678       1.755738       1.189845         Passed
ARSx8                  176    16       2.189909       3.690649       1.180154       0.697279         Passed
ARSx1_64                64    16       0.837842       1.011970       3.089672       2.558819         Passed
ARSx2_64                80    16       0.945478       1.173753       2.737592       2.202892         Passed
ARSx4_64               112    16       1.938725       2.637773       1.332712       0.977078         Passed
ARSx8_64               176    16       2.414392       3.666567       1.068515       0.699723         Passed
RDRAND16                 1     1       0.019227       0.019532     134.874656     132.781854         Passed
RDRAND32                 1     1       0.038535       0.038590      67.284040      67.201248         Passed
RDRAND64                 1     1       0.078810       0.079422      32.897813      32.648364         Passed
MKL_MCG59               40     8       3.060135       7.119065       0.842703       0.357145         Passed
MKL_MCG59_64            40     8       3.591783       7.209129       0.713077       0.355174         Passed
MKL_MT19937             40     8       3.115330       6.864038       0.824739       0.370706         Passed
MKL_MT19937_64          40     8       4.152847       7.993237       0.617241       0.319582         Passed
MKL_MT2203              40     8       3.294904       9.049598       0.779474       0.278351         Passed
MKL_MT2203_64           40     8       3.603780       7.511657       0.709935       0.337827         Passed
MKL_STMT19937           40     8       3.420680      12.106052       0.750019       0.206315         Passed
MKL_STMT19937_64        40     8       3.901614      11.846149       0.653549       0.213387         Passed
MKL_NONDETERM           40     8       0.076607       0.075142      33.852600      34.527665         Passed
MKL_NONDETERM_64        40     8       0.078337       0.077705      33.103710      33.372249         Passed
MKL_ARS5                40     8       2.792360       7.452177       0.924795       0.340838         Passed
MKL_ARS5_64             40     8       3.087440       7.091175       0.833011       0.360984         Passed
MKL_PHILOX4X32X10       40     8       1.997688       3.800199       1.291093       0.675731         Passed
MKL_PHILOX4X32X10_64    40     8       2.014972       3.313861       1.277538       0.775243         Passed
-----------------------------------------------------------------------------------------------------------
