ninja: Entering directory `../../build/clang-Release'
[1/1] Running rng_engine
===========================================================================================================
RNGType               Size Align    GB/s (Loop)   GB/s (Batch)     cpB (Loop)    cpB (Batch) Deterministics
-----------------------------------------------------------------------------------------------------------
mt19937               2504     8       0.817075       0.769693       3.168723       3.364668         Passed
mt19937_64            2504     8       1.540770       1.421550       1.678198       1.818743         Passed
minstd_rand0             4     4       0.503922       0.503273       5.141768       5.148356         Passed
minstd_rand              4     4       0.638279       0.634302       4.058100       4.083162         Passed
ranlux24_base          112     8       0.363496       0.338797       7.130068       7.649699         Passed
ranlux48_base          112     8       0.590148       0.549844       4.389602       4.711798         Passed
ranlux24               120     8       0.035056       0.035176      73.987666      73.734497         Passed
ranlux48               120     8       0.015121       0.014922     171.538398     173.820096         Passed
knuth_b               1032     4       0.148797       0.181861      17.424666      14.256181         Passed
Philox2x32              32     8       0.707869       1.120469       3.656503       2.308579         Passed
Philox4x32              48     8       0.835838       1.277179       3.095583       2.024938         Passed
Philox2x64              48     8       1.278270       2.411669       2.022055       1.070305         Passed
Philox4x64              88     8       1.325184       2.515055       1.950672       1.025676         Passed
Philox2x32_64           32     8       0.851822       1.171006       3.039194       2.209070         Passed
Philox4x32_64           48     8       0.803613       1.164377       3.221173       2.221248         Passed
Philox2x64_64           48     8       1.496573       2.445895       1.727830       1.055308         Passed
Philox4x64_64           88     8       1.610245       2.673994       1.604785       0.964710         Passed
Threefry2x32            40     8       0.398337       0.485728       6.505069       5.333711         Passed
Threefry4x32            64     8       0.326421       0.390945       7.939204       6.624320         Passed
Threefry2x64            64     8       0.400204       0.472800       6.475029       5.479949         Passed
Threefry4x64           112     8       0.672402       0.787082       3.851876       3.290039         Passed
Threefry8x64           208     8       0.704520       1.062698       3.676170       2.435965         Passed
Threefry16x64          400     8       0.780724       0.907129       3.316549       2.853990         Passed
Threefry2x32_64         40     8       0.468695       0.482344       5.527515       5.371192         Passed
Threefry4x32_64         64     8       0.356468       0.404443       7.270170       6.407655         Passed
Threefry2x64_64         64     8       0.508516       0.551923       5.095052       4.694435         Passed
Threefry4x64_64        112     8       0.759639       0.860409       3.409498       3.009571         Passed
Threefry8x64_64        208     8       0.836102       1.048849       3.096526       2.464058         Passed
Threefry16x64_64       400     8       0.903631       1.018660       2.865387       2.541443         Passed
AES128x1               224    16       2.398838       3.311490       1.075472       0.778122         Passed
AES128x2               240    16       2.122621       3.653910       1.216089       0.704881         Passed
AES128x4               272    16       3.035608       3.920023       0.848577       0.656471         Passed
AES128x8               336    16       1.706830       2.398050       1.513345       1.075504         Passed
AES128x1_64            224    16       2.953000       3.293634       0.873405       0.782742         Passed
AES128x2_64            240    16       2.917532       3.335422       0.882863       0.772231         Passed
AES128x4_64            272    16       3.388703       3.901122       0.760129       0.659917         Passed
AES128x8_64            336    16       2.207829       3.022161       1.169251       0.853386         Passed
AES192x1               256    16       1.483531       2.689170       1.742963       0.959650         Passed
AES192x2               272    16       1.840286       3.041461       1.403796       0.848002         Passed
AES192x4               304    16       2.610911       3.372246       0.987816       0.764101         Passed
AES192x8               368    16       1.960245       2.693547       1.317604       0.957662         Passed
AES192x1_64            256    16       2.363588       2.795428       1.091811       0.922865         Passed
AES192x2_64            272    16       2.792321       3.086377       0.923019       0.831339         Passed
AES192x4_64            304    16       2.340999       2.722508       1.100943       0.946434         Passed
AES192x8_64            368    16       1.925015       2.574404       1.341497       1.001478         Passed
AES256x1               288    16       1.335596       2.411670       1.937034       1.070672         Passed
AES256x2               304    16       1.888132       2.586108       1.367996       0.997892         Passed
AES256x4               336    16       2.229254       2.819595       1.157738       0.914736         Passed
AES256x8               400    16       1.818548       2.489947       1.420754       1.036397         Passed
AES256x1_64            288    16       1.972504       2.419505       1.309584       1.067268         Passed
AES256x2_64            304    16       2.398901       2.603553       1.075559       0.990662         Passed
AES256x4_64            336    16       1.901506       2.163947       1.356544       1.191952         Passed
AES256x8_64            400    16       1.871114       2.447676       1.380684       1.054260         Passed
ARSx1                   64    16       3.676824       4.663083       0.700519       0.551526         Passed
ARSx2                   80    16       2.403120       5.438975       1.073762       0.471715         Passed
ARSx4                  112    16       4.552514       6.452510       0.564072       0.397039         Passed
ARSx8                  176    16       3.818755       7.431821       0.673625       0.344079         Passed
ARSx1_64                64    16       4.708366       4.702055       0.546283       0.546999         Passed
ARSx2_64                80    16       5.477432       5.913393       0.468065       0.434023         Passed
ARSx4_64               112    16       5.286007       6.446131       0.481391       0.397547         Passed
ARSx8_64               176    16       5.175302       7.253513       0.496053       0.352736         Passed
RDRAND16                 1     1       0.020265       0.020595     127.989689     125.946209         Passed
RDRAND32                 1     1       0.040565       0.041441      63.936358      62.587253         Passed
RDRAND64                 1     1       0.076422       0.081875      33.926454      31.673123         Passed
MKL_MCG59               40     8       1.676250       6.455867       1.539434       0.395708         Passed
MKL_MCG59_64            40     8       3.587862       6.942564       0.716989       0.368227         Passed
MKL_MT19937             40     8       1.881501       7.558993       1.366886       0.336924         Passed
MKL_MT19937_64          40     8       4.254261       8.295553       0.603787       0.306914         Passed
MKL_MT2203              40     8       1.880721       9.605040       1.372184       0.263875         Passed
MKL_MT2203_64           40     8       4.219080       9.920955       0.608747       0.255714         Passed
MKL_STMT19937           40     8       1.901365      12.065412       1.357825       0.208778         Passed
MKL_STMT19937_64        40     8       3.931667      12.019469       0.653321       0.209654         Passed
MKL_NONDETERM           40     8       0.078095       0.080355      33.205901      32.272756         Passed
MKL_NONDETERM_64        40     8       0.078672       0.077164      32.962201      33.606414         Passed
MKL_ARS5                40     8       1.647419       6.733230       1.566550       0.378748         Passed
MKL_ARS5_64             40     8       2.947752       7.048804       0.874431       0.362756         Passed
MKL_PHILOX4X32X10       40     8       1.385659       3.823766       1.865358       0.672526         Passed
MKL_PHILOX4X32X10_64    40     8       2.335871       3.965521       1.103921       0.647951         Passed
-----------------------------------------------------------------------------------------------------------
